191,127,127,127,127,127,127,127,127,127,127,127,127,127,127,127,127,127,127,127,128,127,129,128,127,128,128,127,138,114,108,184,77,159,153,80,179,137,72,196,108,80,212,79,91,214,51,84,229,47,110,229,20,143,211,7,184,187,1,215,162,4,243,127,20,10,84,46,17,98,34,18,56,67,17,23,101,5,251,144,233,238,187,202,236,222,169,246,250,128,13,15,68,26,235,100,107,179,69,162,158,52,204,86,91,226,58,104,230,19,162,201,2,200,177,0,239,127,21,7,88,44,15,42,84,16,53,71,15,20,107,0,250,148,230,238,196,193,241,233,150,3,3,108,28,16,68,56,19,29,94,8,1,132,242,242,172,212,245,160,222,238,191,197,242,226,157,1,245,127,17,7,90,41,14,54,73,12,26,107,0,5,141,230,250,183,190,0,222,139,2,220,141,20,248,94,49,5,52,85,2,19,123,239,251,176,203,246,224,153,6,2,102,34,15,57,68,11,18,120,244,247,122,242,248,177,204,242,223,159,0,252,113,27,11,64,67,7,24,116,243,252,166,212,242,211,173,250,246,124,21,10,72,58,10,74,57,11,31,105,250,4,154,217,250,197,175,4,228,130,28,241,91,65,235,65,103,217,52,131,193,51,155,167,58,170,143,67,163,141,81,168,126,94,169,113,109,164,104,123,155,104,132,144,106,138,135,110,140,130,115,141,127,118,141,124,122,138,123,123,136,123,128,134,123,127,132,124,128,130,124,130,128,126,131,127,126,130,127,126,128,128,128,128,127,128,127,128,128,128,128,129,127,127,128,127,128,130,128,127,129,128,128,128,128,128,128,127,127,128,128,127,128,128,127,127,128,128,128,127,127,127,128,127,127,127,127,128,127,128,127,127,128,129,127,128,127,128,127,128,128,127,127,128,128,127,127,127,128,127,128,128,127,127,127,127,127,127,127,127,127,128,128,127,128,128,127,127,128,127,127,127,128,128,127,127,128,127,128,127,128,128,128,128,129,127,127,128,128,128,128,127,127,127,127,127,128,128,128,128,127,128,127,128,127,128,128,129,127,128,128,128,128,128,128,127,127,127,127,127,127,127,128,127,127,128,127,128,127,128,128,128,127,128,127,127,128,128,127,127,129,127,128,129,127,128,127,127,128,127,127,128,127,127,127,128,128,128,129,128,128,128,128,127,128,127,128,127,127,128,127,128,128,127,127,129,127,127,127,127,127,127,128,127,128,128,129,128,128,129,127,128,127,127,127,128,127,128,128,127,127,128,127,128,129,127,128,127,128,127,127,128,128,127,128,128,128,127,127,127,127,127,127,127,128,128,128,127,128,127,128,127,127,128,127,128,129,128,128,127,128,127,127,128,128,127,127,127,128,128,128,128,128,128,128,127,128,128,128,127,127,128,128,127,128,129,127,127,128,128,127,128,128,128,128,128,127,128,128,128,128,127,127,128,128,128,128,127,127,128,128,128,129,128,128,128,128,128,127,128,127,127,128,127,127,127,127,129,127,128,128,127,127,127,128,128,129,127,128,127,128,129,127,128,129,127,127,127,127,127,127,128,127,128,128,129,127,128,129,127,127,127,127,128,128,128,128,127,129,127,128,129,128,128,127,127,127,128,127,128,127,127,127,128,128,127,128,127,128,128,128,128,127,128,127,127,128,128,128,128,127,127,127,127,128,127,127,127,127,128,127,128,127,127,128,127,128,128,127,127,127,128,127,128,127,127,127,128,127,128,127,128,127,128,128,128,127,127,128,128,128,127,127,128,128,127,127,128,128,128,127,127,128,127,128,127,129,127,128,128,128,128,127,128,128,129,127,128,128,129,127,127,128,128,127,127,128,128,127,127,128,128,128,128,128,128,128,128,127,128,128,127,127,127,128,128,128,127,128,127,128,127,127,128,128,128,127,128,128,127,128,128,128,127,128,127,128,127,127,127,128,127,127,127,127,128,129,127,128,127,128,128,128,127,128,127,128,128,128,127,127,127,128,128,129,127,127,128,128,128,127,128,127,127,127,128,127,129,127,128,128,127,127,128,128,128,127,127,128,128,127,128,127,127,128,127,128,128,127,128,127,129,128,128,128,129,128,128,128,127,127,128,128,127,128,128,128,127,127,127,128,127,128,127,127,128,128,128,128,128,128,127,127,127,127,128,128,128,128,127,127,128,129,127,128,127,128,128,128,127,128,127,128,127,128,128,127,128,127,128,128,127,128,127,127,127,128,127,127,127,128,128,127,128,128,127,127,127,128,127,128,128,128,127,128,127,127,128,127,128,127,127,127,127,127,128,127,128,129,128,127,127,127,127,127,127,127,127,127,128,127,128,127,128,127,128,127,128,127,128,127,127,128,128,127,127,128,127,128,127,128,127,127,128,128,127,127,128,128,129,127,128,128,128,128,127,128,128,127,127,127,128,127,129,127,128,127,128,127,128,128,128,127,127,128,128,127,127,127,127,128,128,127,127,128,127,128,127,128,128,128,128,127,127,128,127,128,127,127,128,129,128,128,128,127,127,128,128,127,127,127,128,128,128,127,128,128,127,128,127,127,128,128,128,129,127,127,128,128,128,127,128,128,129,127,128,127,129,127,127,127,128,128,128,127,128,128,127,128,127,128,128,127,127,127,128,128,128,127,127,128,128,128,128,128,128,128,127,127,127,127,127,127,128,128,127,128,127,128,127,128,127,128,128,128,127,128,127,128,127,128,128,127,127,127,127,128,128,128,127,127,128,127,128,127,128,128,128,128,127,127,127,127,127,127,127,127,128,128,127,127,127,128,128,128,128,128,128,128,127,128,127,127,127,127,127,127,127,127,127,127,127,127,127,127,127,127,128,127,128,128,128,127,127,128,128,127,127,127,127,128,128,127,128,128,127,127,127,128,128,127,128,128,127,127,127,127,127,127,128,127,128,128,128,127,127,128,127,128,128,127,127,128,128,127,127,127,128,128,128,127,128,128,127,128,128,128,127,128,128,128,127,127,129,127,128,128,128,128,127,128,127,127,127,127,127,128,127,128,127,127,128,127,127,127,128,128,127,127,128,127,127,127,127,128,128,127,128,127,128,128,128,127,128,127,128,128,128,128,128,127,128,127,128,128,128,128,127,128,129,128,128,127,128,129,127,128,128,127,127,128,127,128,130,128,128,128,127,127,127,127,128,128,127,127,128,127,128,127,128,127,128,128,128,128,128,128,128,128,128,127,127,128,127,127,127,127,128,128,127,128,128,127,127,128,128,128,127,128,127,129,128,127,127,127,127,128,127,127,128,128,127,127,128,128,128,127,127,127,128,128,128,129,127,127,128,128,130,128,128,128,127,127,127,128,127,128,127,128,127,128,127,128,128,127,127,127,127,127,127,127,127,128,128,129,127,128,128,128,127,127,127,127,128,128,127,127,127,128,129,128,128,129,127,128,127,127,127,128,128,128,127,127,127,128,127,128,127,128,127,128,127,128,128,128,127,127,128,128,127,127,127,127,127,127,128,127,127,127,127,128,127,128,127,127,127,128,128,128,129,127,128,127,128,127,127,127,127,127,128,128,128,128,127,128,127,128,127,129,127,128,128,128,128,127,128,128,128,127,128,128,127,127,127,127,128,128,128,127,127,128,127,128,127,128,127,127,127,128,127,128,128,127,128,127,127,127,127,127,129,127,128,127,127,128,128,127,127,127,127,127,127,128,127,127,127,128,128,127,128,127,128,127,128,128,128,127,127,128,127,128,127,127,127,128,127,127,127,128,128,127,128,128,128,128,127,128,127,128,127,128,127,127,127,127,128,128,127,127,127,128,127,128,127,128,128,128,127,128,128,128,128,128,128,127,127,127,127,127,128,127,128,127,128,128,127,128,127,127,127,128,127,129,127,128,127,127,128,127,128,128,127,127,128,128,128,128,128,127,127,128,127,128,128,128,128,127,127,128,128,129,127,128,128,127,127,127,128,127,128,128,128,127,128,128,128,127,127,128,127,127,128,127,128,129,127,128,127,128,127,128,128,128,128,128,127,128,128,128,128,127,127,128,127,128,128,128,127,127,127,128,127,128,127,127,129,127,128,127,128,128,127,127,128,128,127,128,127,128,127,129,127,127,128,128,128,127,127,127,127,128,127,127,127,127,127,127,127,127,128,127,127,128,127,128,127,128,128,129,128,128,128,128,127,128,128,127,127,128,128,128,128,127,127,128,128,128,127,128,128,127,127,128,128,127,127,127,127,127,127,128,127,127,128,127,128,127,128,128,127,128,127,128,128,127,128,127,128,128,128,127,128,127,128,127,127,128,127,127,128,128,127,128,127,127,128,128,128,128,127,127,127,127,128,128,128,127,128,127,128,127,128,127,128,128,128,127,128,127,128,128,127,128,127,127,127,127,128,127,129,128,128,129,128,128,129,128,128,128,128,128,128,128,128,127,128,128,127,127,127,127,127,127,127,128,128,127,129,128,128,128,127,127,127,127,128,127,129,128,128,128,128,128,127,127,128,128,128,128,127,128,128,127,128,128,128,127,127,127,127,128,128,128,128,127,128,127,127,129,128,128,128,127,127,127,127,128,128,128,127,127,128,127,127,127,128,127,127,128,128,127,127,128,127,128,127,127,128,127,128,127,129,128,128,128,127,127,128
191,127,127,127,127,127,127,127,127,127,127,127,127,127,127,127,127,127,127,127,127,128,128,128,127,127,128,128,127,132,128,99,184,85,138,165,81,159,157,67,186,138,66,189,143,50,214,122,56,227,90,73,236,56,95,230,33,124,222,39,111,237,11,146,219,251,190,189,249,218,162,4,243,127,20,9,134,13,9,95,37,17,55,68,16,23,102,4,251,145,232,238,137,231,249,181,173,73,161,112,130,163,71,178,94,105,202,62,117,214,28,179,176,14,172,193,5,221,142,19,252,94,45,10,46,84,4,10,133,235,244,186,198,244,230,199,243,230,147,8,5,93,40,16,43,83,7,8,136,233,245,191,190,249,234,134,17,235,132,18,6,79,54,12,34,97,0,4,145,227,244,194,190,247,229,148,8,0,103,4,251,110,30,13,62,67,13,23,110,250,0,161,208,253,210,153,16,243,100,47,3,98,49,3,48,93,248,13,145,220,253,198,171,8,241,107,40,5,52,85,253,14,145,247,9,156,215,249,210,167,3,247,105,38,6,49,90,250,10,151,218,247,207,170,2,214,162,5,247,109,35,6,53,86,251,13,146,221,248,201,176,0,241,119,29,6,61,34,7,54,83,0,14,141,224,250,197,175,4,238,119,32,1,65,78,250,27,129,223,27,135,215,17,177,173,27,204,131,53,212,99,86,206,77,118,187,69,143,163,73,160,157,80,157,136,91,163,121,106,161,110,120,154,105,130,145,106,139,134,110,143,127,116,141,127,119,141,121,126,138,119,129,134,119,132,130,121,134,127,124,134,126,127,133,124,128,132,125,128,130,124,129,128,125,130,127,127,130,128,128,130,127,127,129,127,128,129,127,127,128,128,128,127,128,129,128,128,128,128,127,129,127,127,128,128,128,127,128,129,127,128,128,127,127,128,128,127,128,128,127,128,127,128,127,128,128,127,128,128,127,127,127,127,127,127,127,128,127,128,127,127,127,127,127,127,127,127,127,127,127,127,127,127,127,127,127,127,128,127,128,127,127,128,127,127,128,127,127,127,127,127,128,127,127,127,127,127,128,127,127,128,127,128,127,127,127,127,127,127,127,127,127,127,127,127,127,127,127,127,127,127,127,127,127,127,127,127,127,128,127,128,127,127,127,127,127,128,127,127,127,127,127,127,127,127,127,127,127,127,127,127,128,128,128,127,128,127,127,127,127,127,127,128,127,128,127,127,128,127,128,128,127,127,128,127,127,128,128,127,127,127,128,127,128,128,127,128,128,127,127,128,128,127,127,127,127,127,128,127,128,128,127,128,127,127,127,128,128,128,128,128,127,128,128,128,128,129,127,128,128,128,127,129,127,127,128,127,128,128,127,128,128,128,128,127,128,129,128,128,129,128,127,129,127,127,129,127,127,127,128,129,127,128,128,127,128,129,128,128,128,128,127,127,128,128,128,127,128,128,127,128,127,128,128,127,128,128,127,127,128,128,128,128,127,127,127,128,128,128,128,127,128,127,127,127,128,128,127,127,127,128,127,128,128,127,128,127,127,127,128,128,128,128,127,127,128,128,128,127,128,127,127,127,128,127,127,127,127,127,128,127,128,127,128,127,127,128,127,128,127,128,127,127,128,127,128,127,128,127,127,127,127,127,127,127,128,127,128,127,128,127,127,128,128,128,128,128,127,128,127,128,127,127,127,127,127,128,128,127,127,127,127,127,128,128,128,127,128,127,127,127,127,127,127,127,127,128,127,127,127,127,127,127,127,127,127,127,127,128,127,128,127,127,127,127,127,127,127,127,127,127,127,127,128,127,128,128,127,127,128,127,128,127,128,127,127,128,127,128,128,128,128,128,128,128,128,127,127,127,127,128,128,127,128,127,127,127,127,128,127,128,127,127,127,127,127,127,127,128,127,127,127,127,127,127,127,127,127,127,127,127,127,128,127,128,127,127,128,127,128,127,128,127,127,127,127,128,127,127,127,127,128,127,128,128,128,128,127,127,127,128,127,128,127,128,127,127,128,127,128,127,128,128,127,127,128,127,127,128,127,127,127,127,127,127,128,128,127,128,128,127,128,128,127,128,128,127,127,128,128,128,129,127,128,127,127,128,128,127,128,128,128,127,127,127,128,127,128,127,127,127,128,127,127,127,127,127,127,127,128,128,128,127,127,127,127,127,127,127,127,127,128,128,127,127,127,127,128,128,128,127,128,127,127,127,127,128,127,127,127,127,127,128,127,128,128,127,127,128,128,127,128,127,128,127,127,127,127,128,128,127,128,127,127,128,128,127,128,128,127,128,128,128,127,128,128,127,128,127,127,128,128,128,128,128,127,127,128,128,127,128,128,127,128,128,127,127,128,128,127,128,127,127,127,127,127,128,127,127,127,127,127,128,128,127,128,127,127,128,127,128,127,128,127,127,127,127,128,127,128,127,127,127,127,128,127,128,127,127,127,127,128,127,127,127,127,128,127,128,128,127,128,127,127,127,128,128,128,128,127,127,127,128,127,128,127,127,127,127,128,128,128,128,127,127,127,127,127,128,128,127,128,128,127,127,128,127,127,128,127,127,128,128,127,128,127,127,127,127,128,128,128,127,128,127,127,128,127,128,127,128,127,127,127,127,128,127,128,127,127,127,127,127,127,128,128,127,127,127,128,127,128,127,128,127,127,128,127,128,128,127,127,127,127,127,127,128,128,127,128,127,127,127,127,127,127,127,128,127,128,127,127,127,127,127,127,127,127,127,127,128,127,127,127,128,127,128,128,127,128,127,127,128,128,128,127,128,127,127,127,127,127,127,127,127,127,127,128,127,128,128,128,128,127,127,127,127,128,127,128,127,127,127,127,128,127,128,127,128,127,127,127,127,127,127,127,127,127,128,127,128,127,127,127,127,128,127,127,127,127,128,127,128,127,128,128,127,127,128,128,127,128,127,127,127,127,128,127,128,127,127,127,127,127,127,127,127,127,127,127,127,127,127,127,127,128,127,128,127,128,127,127,128,128,128,128,127,127,128,127,128,127,128,127,127,127,127,127,127,127,128,127,127,127,127,127,127,128,127,128,127,127,127,127,127,127,128,127,128,128,127,127,127,128,127,128,127,127,127,127,128,127,127,127,127,127,128,128,127,128,127,127,128,127,128,127,128,127,127,127,127,128,127,128,128,128,128,128,127,127,128,127,128,127,127,127,127,127,128,128,127,127,127,127,127,128,128,127,127,127,127,128,127,128,127,128,127,127,127,128,128,127,128,127,127,127,127,128,127,127,127,127,128,127,127,127,127,127,127,127,127,127,127,127,127,127,127,127,127,127,127,128,127,127,127,128,127,127,128,127,128,127,127,127,128,127,128,127,128,127,127,128,127,128,127,128,127,127,127,127,127,127,127,127,127,128,128,128,127,128,127,127,127,127,127,127,127,127,127,127,128,128,127,127,127,127,128,127,128,127,127,127,127,127,127,128,127,127,127,127,127,127,127,127,127,127,127,127,127,128,127,127,127,127,127,127,127,127,128,127,128,127,127,127,127,127,128,127,127,127,127,127,128,127,128,127,127,127,127,128,127,128,128,127,127,128,127,128,128,128,128,127,127,127,128,128,128,128,127,127,127,127,127,127,127,127,127,127,127,127,127,128,127,127,127,127,127,127,127,127,127,127,128,127,127,127,127,127,128,127,127,127,127,128,128,127,128,127,127,127,127,127,127,127,127,127,127,127,127,127,127,127,127,127,127,127,127,127,127,128,128,127,128,127,127,127,127,127,127,127,127,127,127,127,127,128,127,127,127,127,127,127,127,127,127,127,127,127,127,128,128,128,128,127,127,127,127,127,128,127,127,127,127,127,127,128,127,127,128,127,127,127,127,127,128,127,127,127,127,127,127,127,127,128,127,128,127,128,127,127,127,127,128,127,128,127,127,127,127,128,128,128,127,127,127,127,127,127,127,127,127,128,127,128,127,127,127,127,127,128,127,127,128,128,127,128,128,127,128,127,127,127,128,127,127,127,127,127,127,128,127,128,128,127,127,127,127,127,128,127,127,127,128,127,128,127,127,127,127,127,127,128,127,127,127,127,128,127,128,127,127,127,127,127,127,127,128,127,128,127,127,128,127,128,127,128,127,128,127,127,127,127,127,128,127,128,127,127,127,128,127,127,127,127,127,127,127,127,128,127,127,127,127,128,127,127,127,127,127,127,127,127,127,127,127,127,127,127,128,127,127,127,127,127,127,128,127,127,127,127,127,127,128,127,127,127,127,127,127,127,127,127,127,127,128,127,127,127,127,127,127,127,127,127,127,127,127,127,127,127,127,127,127,127,127,127,127,128,127,127,127,127,127,127,127,127,128,127,128,127,127,127,127,127,127,128,127,127,127,127,127,127,128,127,127,127,127,127,127,127,128,128,127,128,127,127,127,127,127,128,127,127,127,127,127,127,128,128,127,128,127,127,127,127,127,127,127,127,127,127,127,127,127,128,127,127,127,127,127,127,127,127,128,127,127,128,127,127,127,127,127,127,127,127,127,127,127,127,127,127,127,127,128,127,128,127,127,127,128,127,128,127,128,127,127,127,127,127,127,127,127,127,127,127,127,127,127,127,127,127,127,127,127,127,127,127,127,127,128,127,127,128,127,127,127,127,127,127
191,127,127,127,127,127,127,127,127,127,127,127,127,127,127,127,127,127,127,128,127,128,127,127,127,130,127,137,115,109,183,78,158,156,78,177,138,72,196,109,80,210,81,91,211,54,119,211,29,146,201,17,184,175,16,220,144,24,241,109,42,0,70,65,6,36,99,247,11,137,229,247,177,205,241,212,176,247,244,134,243,239,145,3,8,105,28,18,63,59,19,22,106,229,47,158,146,61,204,123,59,226,56,107,228,27,127,228,5,177,197,249,204,176,251,237,138,12,3,108,29,15,68,57,18,38,84,13,14,113,253,248,146,235,240,173,213,236,203,187,240,227,162,249,247,130,13,9,102,30,14,73,53,17,48,75,14,27,99,6,10,122,251,252,144,237,248,158,222,242,181,203,247,205,171,3,232,134,19,246,104,39,4,69,67,7,36,100,253,12,129,238,249,170,210,244,211,175,249,243,133,13,11,95,36,19,52,70,14,19,113,250,251,155,224,239,196,192,240,228,158,250,253,124,15,13,85,44,17,47,78,9,15,119,247,248,160,221,238,200,189,241,232,150,2,1,110,27,12,69,60,11,39,97,251,20,131,227,13,161,198,18,185,166,33,197,137,55,199,117,77,194,103,97,185,95,114,175,90,128,162,90,138,150,95,144,139,102,146,131,107,146,128,113,146,122,119,144,119,125,140,119,128,136,119,129,134,121,130,132,121,132,129,122,133,128,126,132,127,128,130,127,127,130,127,128,131,126,128,129,126,129,127,128,129,127,128,127,128,127,127,128,128,129,128,128,128,127,129,127,128,128,127,127,128,127,127,127,128,128,127,127,127,128,128,128,127,128,128,128,128,128,127,128,128,127,127,127,127,128,129,128,127,127,127,128,128,128,127,127,128,128,127,128,128,128,128,128,127,127,127,128,128,127,128,127,128,128,128,127,127,127,128,128,128,127,127,127,128,128,128,127,127,128,128,128,128,127,128,128,128,128,127,128,128,128,127,128,127,127,128,129,128,127,127,128,128,127,127,128,127,127,128,128,127,128,128,128,128,128,127,127,127,128,127,127,127,128,128,128,127,127,127,128,127,127,127,127,128,128,128,127,127,127,128,128,128,128,128,128,128,128,128,127,128,128,128,127,127,128,128,127,127,128,128,128,128,128,128,128,128,127,128,128,128,128,128,127,127,128,127,127,127,127,129,127,128,129,127,128,127,128,128,127,128,127,128,128,127,128,127,129,127,128,129,127,127,128,128,127,128,128,128,128,128,127,129,127,128,128,127,129,128,128,128,127,127,128,128,128,128,127,127,129,127,128,127,127,128,127,127,128,127,129,126,128,128,127,129,128,127,129,128,127,128,128,126,130,128,125,131,128,127,130,126,128,131,127,127,130,127,127,132,125,127,132,124,129,129,124,131,129,125,129,129,125,130,129,123,132,127,124,132,127,127,133,126,126,131,128,128,131,125,128,132,124,127,131,125,130,128,125,129,128,127,128,127,127,129,127,126,131,127,127,129,127,127,128,128,127,127,127,127,128,128,127,129,127,128,127,128,130,128,128,127,127,128,128,128,127,128,127,127,128,127,128,128,127,129,128,128,128,126,129,128,127,127,128,127,128,128,127,129,128,127,129,127,128,130,126,128,128,128,129,127,127,128,129,127,128,127,127,132,126,127,131,127,128,128,125,129,129,126,127,129,126,129,129,124,131,128,125,132,126,127,132,127,127,131,127,127,132,125,128,133,124,128,131,124,130,129,124,130,128,126,129,128,125,131,127,125,131,127,127,131,126,127,129,127,127,129,127,127,130,126,128,130,127,129,127,126,130,127,128,127,127,127,128,127,127,130,127,127,128,128,128,128,128,127,127,128,128,127,128,128,129,128,128,129,128,127,127,127,127,128,127,127,128,127,128,128,127,128,127,127,129,128,127,128,127,128,127,128,128,128,128,128,130,127,128,128,128,129,128,128,127,127,127,127,128,128,128,128,127,129,127,127,128,128,128,127,127,127,127,128,127,128,127,127,129,128,127,128,127,128,128,128,128,127,128,128,128,127,127,127,128,128,128,128,127,128,128,128,128,128,127,128,128,128,128,128,128,127,127,127,128,128,127,127,128,129,127,128,128,128,128,127,127,128,128,128,127,127,127,128,129,128,127,127,127,129,128,127,127,127,128,128,128,127,127,127,128,128,127,127,127,128,129,127,127,128,128,129,128,127,127,127,128,128,128,128,127,128,128,128,128,128,128,128,128,128,128,128,128,127,127,128,128,127,128,128,128,128,128,128,128,128,128,127,128,127,128,128,128,127,128,128,128,128,127,127,127,128,129,127,128,127,128,128,128,127,127,127,128,128,127,128,128,128,128,128,127,128,128,128,128,128,127,128,128,128,128,128,127,127,129,127,127,127,128,129,127,127,128,127,129,128,127,128,127,128,128,128,128,128,128,128,127,127,128,127,128,128,128,128,127,128,128,128,128,128,127,128,128,128,128,127,128,128,128,128,128,128,128,128,128,128,127,127,127,128,129,128,128,128,128,128,128,127,127,127,128,128,128,127,128,128,128,128,127,128,128,128,127,128,128,127,127,129,128,128,127,127,129,127,127,127,128,128,127,127,128,128,128,128,128,128,127,129,127,128,127,127,127,127,127,127,128,128,128,128,128,129,128,127,129,127,127,128,127,128,127,128,128,128,127,128,129,127,128,128,128,128,127,127,127,127,127,128,129,128,127,127,128,129,127,128,128,128,128,127,127,127,127,128,128,127,127,127,128,127,128,128,127,127,128,129,128,127,127,128,129,128,127,128,128,128,127,127,128,127,128,128,127,128,128,128,127,128,128,127,128,128,128,127,127,128,127,128,128,128,128,127,128,128,128,128,128,128,128,127,128,128,128,128,128,128,128,127,128,128,128,128,127,128,128,127,128,127,127,127,128,129,128,127,127,128,129,128,127,128,127,128,128,128,127,127,128,128,128,127,127,128,128,128,127,127,127,128,129,127,127,128,127,129,128,127,127,127,129,127,127,127,127,128,128,128,128,128,128,128,128,128,128,127,128,128,127,127,128,127,128,128,128,128,127,128,128,128,128,127,128,128,127,128,128,127,127,127,128,128,127,127,128,127,129,127,128,127,128,128,127,128,128,128,129,127,127,127,127,129,127,127,128,127,128,128,128,127,127,127,128,128,128,128,127,127,129,127,127,127,128,129,127,127,128,128,128,128,127,128,128,128,127,128,127,127,128,128,127,127,128,127,128,128,128,128,127,128,128,127,128,128,127,128,128,128,128,128,128,127,128,128,127,128,128,127,128,128,127,127,127,128,129,127,128,127,128,129,128,128,127,127,128,128,127,127,127,128,127,128,128,128,128,128,128,127,127,127,127,128,128,128,127,128,129,128,127,127,128,129,128,127,127,127,128,128,128,128,127,128,128,128,127,128,128,127,128,127,127,127,127,127,128,128,128,128,128,128,128,128,127,128,128,127,128,127,128,127,128,128,128,127,128,128,128,128,127,128,127,128,128,127,128,128,128,129,127,128,127,127,128,128,127,127,127,128,128,128,127,128,128,128,127,127,127,128,127,128,127,127,127,128,128,127,127,128,127,129,128,127,127,127,128,128,128,127,127,128,128,128,128,127,128,127,128,127,127,127,128,128,127,128,128,128,128,128,128,128,128,128,128,127,128,127,128,128,128,128,128,127,128,128,128,128,127,128,128,128,128,127,128,128,127,128,128,127,127,128,128,128,127,128,127,128,128,128,127,127,128,127,128,127,127,127,127,128,128,127,128,128,128,128,128,128,128,128,128,127,127,127,128,128,127,127,128,128,128,128,128,127,128,127,128,127,128,127,128,128,128,128,127,128,128,127,128,128,127,128,128,128,127,127,128,127,127,128,128,127,128,127,128,129,127,127,128,128,129,127,128,128,127,128,128,127,128,128,128,128,127,127,127,128,127,127,128,127,127,128,128,127,127,128,127,128,127,127,127,128,129,127,127,127,128,128,128,127,127,128,129,128,128,127,127,128,128,128,128,128,128,128,128,127,128,127,128,128,127,127,127,128,128,128,128,128,128,128,128,128,128,127,128,128,128,128,127,128,128,128,128,128,128,127,127,128,129,127,128,128,128,129,128,128,128,127,127,127,127,127,128,128,128,128,127,128,128,127,128,127,127,128,128,128,127,127,127,128,128,128,127,127,128,129,128,127,127,128,129,128,127,127,127,128,128,128,127,127,127,128,128,128,128,127,128,129,128,127,127,128,128,128,128,127,127,128,128,128,128,127,128,128,128,128,127,128,128,128,128,128,127,128,128,128,128,127,127,128,128,128,127,128,128,127,128,128,127,127,128,128,128,127,127,127,128,128,128,127,127,127,128,129,127,127,127,128,128,128,127,127,128,129,128,127,128,127,128,128,127,127,127,128,128,128,127,127,127,128,128,127,127,127,128,128,128,128,127,128,128,128,127,127,127,128,128,128,127,127,128,128,128,128,127,128,128,127,128,128,127,128,128,128,128,127,128,128,128,128,128,127,128,128,128,128,127,128,127,128,127,128,128,128,127,128,128,127,128,128,128,128,127,127,128,128,128,128,127,128,128,128,128,127,127,128,128,128,128,127,127,128,128,128,127,127,128,127,128,127,128
191,127,127,127,127,127,127,127,127,127,127,127,127,127,127,127,127,127,128,128,128,128,128,127,128,127,129,137,92,180,96,109,176,80,131,175,64,131,184,52,163,169,47,190,151,43,215,126,57,226,90,72,233,60,95,226,36,126,220,36,114,232,13,146,210,5,189,181,6,218,154,14,241,121,28,6,79,56,8,45,89,0,14,77,9,19,111,251,251,150,225,245,188,170,67,180,94,109,198,55,151,173,41,203,143,30,226,114,43,251,68,70,4,39,95,253,40,90,6,17,116,249,250,153,225,239,187,200,239,219,170,247,248,129,13,10,90,39,18,57,65,17,27,97,9,6,128,245,244,155,228,239,137,239,242,164,221,239,191,196,242,214,171,250,232,143,10,247,113,29,5,80,53,8,55,77,7,28,109,250,7,143,227,252,183,192,253,220,200,249,216,160,6,247,116,28,10,73,55,15,33,92,5,5,133,238,242,179,207,237,222,168,246,251,127,11,12,87,42,15,44,86,3,13,78,6,19,123,241,251,167,213,241,207,179,245,240,139,8,7,96,37,16,53,73,11,19,116,247,251,158,219,245,197,182,252,226,141,17,216,149,21,229,116,48,229,90,79,219,73,107,202,66,129,182,66,146,162,73,158,144,82,163,129,95,163,120,107,160,113,118,154,110,127,147,114,125,145,113,129,140,114,132,135,115,135,131,118,136,127,121,136,126,124,135,124,127,133,124,127,131,124,128,129,125,129,128,126,129,127,126,129,127,127,129,127,127,129,128,127,129,127,128,128,127,128,127,128,128,127,127,127,128,127,127,128,127,127,127,127,127,128,127,127,127,128,127,128,128,127,128,128,127,127,128,128,127,127,128,127,127,127,127,127,127,127,127,127,127,127,127,127,127,127,127,128,127,127,127,127,127,127,127,127,127,127,128,127,127,127,127,127,127,128,128,127,127,128,128,127,127,127,127,127,127,127,128,127,127,127,127,127,127,127,127,127,127,127,127,127,127,127,127,127,127,127,127,127,127,127,127,127,127,127,127,127,127,128,127,127,128,128,127,127,127,128,127,127,127,127,127,127,127,128,127,127,127,127,127,127,127,127,127,127,127,127,127,127,127,127,127,127,127,127,128,127,127,127,127,127,127,127,127,127,128,127,127,127,127,127,127,127,127,127,127,127,127,127,127,127,127,127,127,127,127,127,127,127,127,127,127,127,127,127,127,127,127,127,128,128,127,127,127,128,127,127,127,127,127,127,127,128,127,127,127,127,128,127,127,128,127,127,127,128,128,127,127,127,127,128,127,127,127,127,127,127,128,128,127,127,127,128,127,127,128,128,128,127,128,128,127,127,127,127,127,127,127,127,128,127,127,127,127,127,128,127,128,127,128,127,128,128,127,127,127,127,127,127,127,127,127,127,127,127,127,127,128,127,128,128,127,127,127,128,128,127,128,127,127,127,128,128,127,127,127,127,128,127,127,127,127,127,127,128,127,127,127,127,127,127,127,127,127,128,128,127,128,127,128,127,128,128,127,127,127,127,127,127,127,127,127,128,127,128,127,127,128,127,127,127,127,127,127,128,127,127,127,127,128,127,127,128,127,127,127,128,128,127,127,127,127,127,127,128,127,127,127,127,127,127,127,127,127,128,127,127,127,127,128,127,127,128,127,127,127,127,128,127,128,127,127,128,127,127,127,127,127,127,127,127,127,127,127,128,128,127,127,127,128,128,128,127,127,128,127,128,128,127,127,127,128,127,127,127,127,127,127,127,127,127,127,128,127,128,127,127,127,128,128,127,127,128,128,128,127,128,128,127,127,127,128,128,127,127,127,127,128,127,128,127,127,128,127,128,127,127,127,127,128,127,128,127,127,128,127,128,127,127,127,127,127,127,127,127,127,127,127,127,127,127,127,127,127,127,127,127,127,127,128,128,127,127,128,128,127,128,128,127,127,127,127,127,127,127,127,127,128,127,127,127,127,128,127,128,127,127,127,127,128,128,127,127,127,127,127,127,127,127,127,127,128,128,127,127,127,127,127,127,127,127,127,127,127,127,127,127,127,127,128,127,127,127,127,127,127,127,127,127,127,127,128,128,127,127,127,127,127,127,127,127,127,128,127,127,127,127,127,128,128,127,127,127,127,127,127,127,127,127,128,127,127,128,127,127,127,128,128,127,127,127,128,127,127,128,127,127,127,127,128,127,127,127,127,128,128,127,127,127,128,127,127,128,127,127,127,127,128,127,127,127,127,128,127,127,127,127,128,127,127,127,127,127,127,128,128,127,127,127,127,127,127,127,127,127,127,127,127,127,127,127,127,127,127,127,127,127,127,127,127,127,127,127,127,128,127,127,127,127,128,127,127,127,127,127,127,127,127,127,127,127,127,127,127,127,127,127,127,127,127,127,127,128,127,128,128,127,127,127,128,128,127,127,127,127,127,127,127,127,127,127,127,127,127,127,127,127,128,128,127,127,128,128,127,128,128,127,127,127,128,127,127,127,127,127,127,127,127,127,128,127,127,128,127,127,127,127,128,127,127,127,127,128,127,127,128,128,128,127,128,128,127,127,128,128,127,128,127,127,127,127,127,127,127,127,128,127,128,128,127,127,128,128,128,127,128,128,127,128,128,128,127,128,127,127,127,127,127,127,127,128,128,127,127,128,127,127,128,128,127,127,128,128,127,128,128,127,127,127,128,127,127,127,127,127,127,127,127,127,127,128,127,127,127,128,128,127,128,128,127,127,128,128,127,128,127,127,127,127,127,127,127,127,127,127,128,127,127,127,128,128,127,127,127,127,127,127,128,127,127,127,127,128,127,127,127,127,128,127,127,128,127,127,127,127,128,127,127,127,127,127,127,127,127,127,127,127,127,127,127,127,127,128,127,127,127,127,127,127,127,127,127,128,128,127,127,128,127,127,127,128,128,127,127,127,128,127,127,127,127,127,127,127,127,127,127,127,128,128,127,127,127,128,128,127,127,127,128,127,127,128,127,127,127,127,128,127,127,127,127,128,127,127,127,127,127,127,127,127,127,127,127,127,127,127,127,127,127,127,127,127,127,127,127,127,127,127,127,127,127,128,127,127,127,128,128,127,127,128,128,127,127,128,128,127,127,127,128,127,127,127,127,127,127,127,127,127,127,127,127,127,127,127,127,127,128,128,127,127,127,128,127,127,128,127,127,127,128,128,127,127,127,127,127,127,127,127,127,127,127,127,127,127,128,127,128,128,127,127,128,128,128,128,128,128,127,127,128,127,127,127,127,127,127,127,127,127,127,128,127,127,128,128,128,127,128,128,127,127,127,128,127,127,127,127,127,127,127,128,127,127,127,127,128,127,127,127,127,128,127,128,128,127,127,127,128,127,127,127,127,127,127,127,127,127,127,128,127,127,127,127,127,127,128,128,127,127,128,128,127,128,127,127,127,127,127,127,127,127,127,127,127,127,127,127,128,128,127,127,128,128,127,127,128,128,127,127,128,128,127,127,127,127,127,127,127,127,127,127,127,127,128,127,127,127,128,128,127,127,128,128,127,127,128,127,127,127,128,128,127,127,127,127,127,127,127,127,127,128,128,127,128,128,128,127,128,128,127,127,127,128,127,127,128,127,127,127,127,127,127,127,127,127,127,127,127,127,127,128,127,127,128,127,127,127,128,128,127,127,128,128,127,127,128,127,127,127,127,127,127,127,127,127,128,128,127,127,128,128,127,128,128,128,127,127,128,127,127,127,127,128,127,127,127,127,127,127,127,127,127,128,128,127,128,128,127,127,128,127,127,127,128,127,127,127,127,127,127,127,127,127,127,127,127,127,128,127,127,127,127,127,127,127,127,127,127,127,128,128,127,127,127,127,127,127,128,127,127,127,127,127,127,127,127,127,128,128,127,128,127,127,127,127,128,127,127,127,127,128,127,127,127,127,127,127,127,127,127,127,127,127,127,127,127,127,128,128,127,127,127,127,127,127,127,127,127,127,127,127,127,127,127,127,127,127,127,127,128,128,127,128,128,127,127,127,128,127,127,127,127,127,127,127,127,127,127,127,127,128,127,127,127,127,128,127,127,127,127,128,127,128,128,127,127,127,128,128,127,127,127,127,127,127,127,127,127,128,127,127,127,127,127,127,128,128,127,127,128,127,127,128,127,127,127,127,127,127,127,127,127,127,127,127,127,127,127,127,127,128,127,127,127,127,128,127,127,127,127,128,127,127,128,127,127,127,127,128,127,127,127,127,127,127,127,127,127,127,127,127,127,127,127,127,128,128,127,127,128,128,127,127,127,127,127,127,127,127,127,127,127,127,127,127,127,127,127,128,127,127,127,128,127,127,128,127,127,127,127,127,127,127,127,127,127,127,127,127,127,127,127,127,127,127,127,127,127,127,127,127,127,127,128,127,127,128,127,127,127,127,127,127,127,127,127,127,127,127,127,127,128,128,127,128,128,127,128,128,128,127,128,129,128,128,129,128,127,128,128,127,128,128,128,128,128,127,129,127,127,129,127,128,129,126,128,128,127,129,128,127,129,127,127,129,127,128,129,127,128,129,127,128,129,128,128,129,127,127,129,127,128,128,127,128,127,128,128,127,128,128,127,127,128,127,128,128,127,128,128,127,128,128,127,128,128,128,127,128,128,127
191,127,127,127,127,127,127,127,127,127,127,127,127,127,127,127,127,127,127,127,127,128,128,129,127,127,128,128,125,140,118,104,186,79,156,157,78,154,163,64,183,145,62,205,118,63,220,90,77,229,55,101,231,26,133,215,11,169,197,3,201,174,2,236,183,249,234,146,5,3,108,28,16,68,57,18,30,94,7,3,135,238,240,175,211,236,212,179,236,203,188,241,240,125,25,232,103,102,163,88,165,125,96,190,63,138,190,31,180,167,26,227,122,37,251,74,66,1,30,106,248,3,156,218,246,206,218,243,202,179,251,244,127,20,10,76,54,13,29,101,0,1,147,227,244,198,184,249,238,131,17,8,79,52,14,35,94,3,4,142,230,243,193,193,244,232,146,7,3,99,35,15,55,71,14,60,67,13,22,110,251,252,151,226,247,188,188,0,225,137,20,250,90,51,7,48,90,0,17,131,231,2,183,185,6,229,127,30,0,73,67,4,31,113,241,4,171,203,251,220,152,10,253,97,9,2,88,47,10,37,99,250,3,160,214,244,214,165,2,248,111,32,7,56,81,253,15,140,224,249,196,181,252,237,128,22,4,72,65,3,26,123,236,253,178,199,247,225,148,11,1,91,47,9,40,52,8,36,106,245,5,160,209,252,209,159,11,240,108,43,250,64,88,239,36,132,209,28,168,172,38,192,135,60,200,107,87,195,87,115,181,79,136,162,80,152,143,88,161,127,101,162,114,114,157,107,117,153,109,128,146,108,134,138,110,140,130,114,142,126,120,141,121,125,138,119,127,135,120,132,131,120,133,128,123,133,127,125,133,126,128,131,125,128,130,126,129,128,126,129,127,127,129,128,128,129,128,127,128,128,127,129,128,127,128,128,128,127,128,128,127,128,128,127,127,128,127,127,128,127,128,128,127,127,128,128,127,127,128,127,127,127,128,127,127,127,127,127,127,127,127,127,127,128,127,127,127,127,127,127,127,127,127,127,127,127,127,127,127,127,128,127,127,127,127,127,127,127,127,127,127,127,127,127,127,127,127,127,127,127,128,128,127,127,127,127,127,127,127,127,127,127,127,128,127,127,127,127,127,127,127,127,127,128,127,127,127,127,127,128,127,127,127,127,127,127,127,127,127,127,127,127,127,127,127,127,127,127,128,127,127,127,127,127,127,127,127,127,127,127,127,127,127,128,127,128,127,127,127,127,127,127,127,127,127,127,127,127,127,127,127,127,127,127,127,127,127,127,128,127,127,127,127,127,127,127,127,127,127,127,127,127,127,128,128,127,127,127,127,127,128,127,127,127,127,127,127,127,127,127,127,128,127,127,127,127,127,127,127,127,127,127,127,127,127,127,127,127,128,127,127,127,127,127,127,127,127,128,127,128,127,127,127,127,128,128,127,127,127,127,127,128,127,127,127,127,128,127,127,127,127,127,128,127,127,127,127,128,127,127,127,127,128,127,128,127,127,127,128,127,127,127,127,128,127,128,127,127,127,127,128,127,128,127,127,127,127,127,127,127,128,128,128,128,127,127,127,128,128,127,127,128,127,128,127,127,128,127,128,127,127,127,127,127,127,128,127,127,127,127,127,127,127,127,127,127,127,127,127,127,127,128,127,128,127,127,127,127,128,127,127,127,127,128,127,127,127,128,127,128,127,127,128,127,128,127,128,127,128,128,127,128,127,127,128,127,128,127,127,127,127,128,127,128,127,128,127,128,127,127,127,128,128,128,128,128,127,128,127,128,127,127,127,128,127,127,127,128,128,128,128,127,127,127,128,127,127,127,127,127,127,127,127,127,127,128,128,127,127,127,127,128,128,128,128,127,128,127,128,128,128,128,127,128,127,127,128,127,128,127,128,127,127,127,127,128,127,128,127,128,128,127,127,127,128,127,128,127,127,127,127,128,127,128,127,127,127,127,128,127,128,127,128,127,127,128,127,128,127,128,127,127,128,127,128,127,128,127,127,127,127,128,127,128,127,127,127,127,127,127,128,127,128,127,127,127,127,128,127,128,127,127,128,127,128,127,127,127,127,127,127,128,127,128,127,127,127,127,127,127,128,127,128,127,127,127,127,127,127,128,128,128,127,127,127,127,128,128,127,127,127,127,127,127,127,127,127,128,128,127,128,127,127,127,127,127,127,127,127,128,127,127,127,127,128,127,128,127,127,127,127,127,127,127,127,127,127,127,127,127,127,127,128,127,127,127,127,127,127,127,127,127,128,127,128,127,127,127,127,128,127,127,127,127,128,128,127,127,127,127,127,127,127,128,127,127,127,127,127,127,127,127,128,127,127,127,127,128,128,127,127,127,128,128,127,128,127,127,127,127,127,127,127,128,127,128,127,127,127,127,127,127,127,127,127,127,127,127,127,127,127,127,127,127,127,127,128,127,128,127,127,128,127,128,127,128,127,127,127,127,128,127,128,127,127,127,127,128,127,128,127,127,127,127,127,127,128,127,127,127,127,127,127,127,127,128,127,128,127,127,127,127,128,127,128,127,127,128,127,128,127,127,127,127,127,127,127,127,128,127,127,127,127,127,127,128,127,127,127,127,128,127,128,127,127,127,127,128,127,127,127,128,127,127,127,127,128,127,128,127,127,127,127,127,127,127,127,127,127,127,127,127,127,127,128,127,127,127,128,127,128,128,127,128,127,127,127,127,128,127,127,127,127,127,127,127,128,127,128,128,127,127,127,127,127,128,127,128,127,127,127,127,127,127,128,127,128,127,127,127,127,128,127,127,127,127,127,127,127,127,128,127,128,127,127,127,127,128,127,128,127,127,128,127,127,127,127,128,127,128,127,127,127,127,127,128,127,127,128,127,128,127,127,127,127,128,128,127,127,127,127,127,127,127,127,127,127,127,128,127,127,128,127,128,127,127,127,127,127,127,128,127,127,127,128,127,127,127,127,128,127,127,127,127,128,127,128,127,127,127,127,128,127,128,127,127,128,127,128,127,127,127,127,127,127,128,127,128,127,127,127,127,128,127,128,127,127,127,127,128,127,128,127,127,127,127,127,127,128,127,128,127,127,127,127,128,127,128,127,127,127,127,128,127,128,127,127,127,127,127,127,127,127,127,127,127,127,127,128,127,128,127,127,128,127,127,127,127,127,127,128,127,128,127,127,127,127,127,127,127,127,128,127,127,127,127,128,127,127,127,127,127,127,128,127,128,127,127,127,127,127,127,128,127,128,127,128,127,128,127,127,128,127,128,127,127,127,127,127,127,127,127,127,128,127,127,127,127,127,127,127,127,128,127,127,127,127,128,128,127,127,127,127,127,128,127,127,127,127,127,127,127,127,128,127,128,127,127,127,127,128,127,128,127,127,127,127,128,127,127,127,127,127,128,127,127,127,127,127,127,127,127,127,127,128,128,127,128,127,127,127,127,127,128,127,128,128,127,127,127,128,127,127,127,127,127,127,127,127,127,127,127,127,127,127,127,127,127,127,127,127,127,127,128,128,127,127,127,128,127,127,127,127,127,127,127,127,127,127,127,127,127,127,127,127,127,127,127,127,127,127,127,127,127,127,127,127,128,127,127,127,127,127,127,127,127,127,127,127,128,127,127,127,127,128,127,128,127,128,127,127,127,127,127,127,127,127,127,127,127,128,127,127,127,127,127,127,127,128,127,127,127,127,127,127,127,127,127,127,127,127,127,127,127,127,127,127,127,128,127,127,127,127,127,127,127,127,127,127,127,127,127,127,127,128,127,127,127,127,127,127,128,128,127,127,127,127,127,127,127,128,127,127,127,127,127,127,127,127,127,127,127,127,127,127,127,127,127,127,127,127,127,127,127,127,127,127,127,127,127,127,127,127,127,127,128,127,128,127,127,127,127,127,127,128,127,128,127,127,127,127,127,127,128,127,128,127,127,127,127,128,127,127,128,127,128,127,127,127,127,128,128,127,127,127,127,127,127,127,127,127,128,127,127,127,127,128,127,127,127,127,127,127,128,128,127,127,127,127,127,127,127,127,127,127,127,127,127,127,128,127,128,127,127,127,127,127,127,127,127,128,127,128,127,127,128,127,128,127,127,127,127,128,127,127,127,127,128,127,127,127,127,127,127,127,127,127,127,128,127,127,127,127,128,127,128,127,127,127,127,128,127,127,127,127,127,127,127,127,127,127,127,127,127,127,127,127,127,127,127,127,127,127,127,127,127,127,127,127,127,127,127,127,127,127,127,127,127,127,127,127,127,127,127,127,127,127,127,127,127,127,127,127,127,127,127,127,127,127,127,127,127,127,127,127,127,127,127,127,127,127,127,127,127,127,127,127,127,127,127,127,127,127,127,127,128,127,127,127,127,127,127,127,127,127,127,127,127,127,127,127,127,127,127,127,127,127,127,127,127,127,127,127,127,127,127,127,127,127,127,127,128,127,127,127,127,127,127,127,127,127,127,127,127,127,127,127,128,127,127,127,127,127,127,127,127,127,127,127,127,127,127,127,127,127,127,127,127,127,127,127,127,127,127,127,128,128,127,127,127,127,127,128,128,127,127,127,128,127,128,127,127,128,127,127,128,128,127,128,128,127,127,128,128,127,128,128,127,127,127,127,127,127,127,127,127,127,127,127,127,127,128,127,127,128,127,127,128,127,127,128,127,128,128,127,128,128,128
191,127,127,127,127,127,127,127,127,127,127,127,127,127,127,127,127,127,127,127,128,127,128,129,127,127,128,128,135,127,92,180,96,113,173,80,133,173,61,161,166,57,189,144,49,214,121,56,227,89,74,236,93,64,240,63,85,237,37,113,236,10,148,219,249,192,188,247,223,159,3,247,124,20,11,132,13,11,90,39,18,50,72,16,19,106,3,249,148,231,237,195,179,0,214,137,84,170,95,147,153,69,182,107,85,215,72,95,228,29,153,202,7,194,178,4,236,127,23,5,82,50,12,36,93,3,4,138,233,242,190,197,242,233,147,6,7,93,39,17,93,38,17,44,81,9,8,131,238,242,186,200,242,230,149,6,6,94,38,17,45,80,9,9,127,241,244,174,210,242,216,166,0,248,114,27,12,64,26,11,66,63,13,25,107,252,1,145,230,246,182,199,246,220,159,4,250,110,30,12,62,68,11,23,115,245,2,163,206,0,211,152,16,243,100,47,243,98,48,3,53,87,252,19,135,225,0,191,181,4,233,127,26,4,74,60,7,27,114,242,253,170,208,245,220,160,3,253,102,37,10,49,87,253,11,89,253,9,146,223,246,200,180,250,239,128,21,4,71,67,2,26,124,235,253,177,199,247,224,152,8,0,98,40,10,46,87,0,9,143,226,246,198,181,246,202,176,253,241,121,27,7,67,70,4,25,123,236,3,173,196,0,215,147,19,239,102,54,243,64,96,227,43,134,199,38,166,166,48,186,133,67,193,109,75,186,111,96,181,96,118,170,89,135,155,89,147,139,96,154,128,106,155,117,117,152,111,127,146,109,133,138,110,139,130,115,141,126,120,140,121,126,138,119,127,137,120,129,133,120,132,130,121,133,127,123,134,126,126,133,125,127,131,124,129,130,125,130,127,125,130,128,127,131,127,128,130,127,127,129,126,128,128,127,128,128,127,129,127,128,129,128,128,129,128,127,129,128,127,128,128,128,127,128,128,127,128,128,128,127,128,127,127,128,128,127,127,128,128,127,127,128,127,127,128,128,127,128,127,127,128,128,127,127,127,127,127,127,127,127,127,127,127,127,127,127,127,127,127,127,127,127,127,127,127,127,127,127,127,127,127,127,127,127,127,127,127,127,127,127,127,127,127,127,127,127,127,127,127,127,127,127,127,127,127,127,127,127,127,127,127,127,127,127,127,127,127,127,127,127,127,127,127,127,127,127,127,127,128,127,127,128,127,127,128,128,127,128,128,127,128,128,127,128,128,128,128,127,128,128,128,128,127,127,129,127,128,129,128,128,129,128,128,129,127,128,129,127,127,129,127,127,129,127,127,129,126,128,128,126,128,128,127,129,127,127,129,127,127,129,128,128,129,127,128,129,127,128,128,127,128,128,127,129,127,127,129,128,128,129,127,128,129,128,127,129,128,127,128,127,128,128,127,128,128,128,128,127,128,129,128,128,128,128,127,128,128,128,128,128,128,127,128,128,127,128,128,127,127,128,127,127,128,128,127,128,128,128,127,128,127,127,127,128,127,127,128,127,127,127,127,127,127,128,127,127,127,127,127,128,127,127,127,127,127,127,127,127,127,128,127,127,127,127,127,127,127,127,127,127,127,127,127,127,127,127,127,127,127,127,127,127,128,127,127,127,127,127,127,127,127,127,127,127,127,127,128,127,127,127,127,127,127,127,127,127,127,127,127,127,127,127,127,127,127,128,127,128,127,127,127,128,127,128,127,127,127,127,127,127,127,127,127,127,127,127,127,127,127,128,127,127,127,127,127,127,127,127,127,127,127,127,127,127,127,127,127,128,127,127,127,127,127,127,128,127,128,127,127,127,127,127,127,128,127,128,127,127,127,128,128,127,128,128,127,127,128,128,127,128,128,127,128,127,127,128,128,127,128,128,127,127,128,128,128,128,128,127,128,128,127,128,128,127,127,127,127,127,127,128,127,127,127,127,127,128,128,127,128,127,127,127,128,127,127,128,127,127,128,128,127,128,128,127,127,128,127,127,127,128,127,127,127,127,127,128,127,127,127,127,127,127,127,127,127,127,127,127,127,127,127,127,128,127,127,127,127,127,127,127,127,128,127,127,127,127,127,128,127,127,127,127,127,127,127,127,127,127,127,127,127,127,127,127,127,127,127,127,127,127,127,127,127,127,127,127,127,127,127,127,127,127,127,127,127,127,127,127,127,127,127,127,127,127,127,127,127,127,127,127,127,127,127,127,127,127,127,127,127,127,127,127,127,127,127,127,127,127,127,127,127,127,127,127,127,127,127,127,127,127,127,127,127,127,127,127,127,127,128,127,127,127,127,127,127,127,127,127,127,127,127,127,127,127,127,127,127,127,127,127,127,127,127,127,127,127,127,127,127,127,127,127,127,127,127,127,127,127,127,127,127,127,127,127,127,127,127,127,127,127,127,127,127,127,127,127,127,127,127,127,127,127,127,127,127,127,127,127,128,127,127,127,127,127,127,127,127,127,127,127,127,127,127,127,127,127,127,127,127,127,127,127,127,127,127,127,127,127,127,127,127,127,127,127,127,127,127,127,127,127,127,127,127,127,127,127,127,127,127,127,127,127,127,127,127,127,127,127,127,127,127,127,127,127,127,127,127,127,127,127,127,127,127,127,127,127,127,127,127,127,127,127,127,127,127,127,127,127,127,127,127,127,127,127,127,127,127,127,128,127,127,127,127,127,127,127,127,127,127,127,127,127,127,127,127,127,127,127,127,127,127,127,127,127,127,127,127,127,127,127,127,127,127,127,127,127,127,127,127,127,127,127,127,127,127,127,127,127,127,127,127,127,127,127,127,127,127,127,127,127,127,127,127,127,127,127,127,127,127,127,127,127,127,127,127,127,127,127,127,127,127,127,127,127,127,127,127,127,127,128,127,127,128,127,127,127,127,127,128,128,127,127,127,127,127,127,127,127,128,127,127,127,127,127,127,127,127,127,127,127,127,127,127,127,127,127,127,127,127,127,127,127,127,127,127,127,127,127,127,127,127,127,127,127,127,127,127,127,127,127,127,127,127,127,127,127,127,127,127,127,127,127,127,127,127,127,127,127,127,127,127,127,127,127,127,127,127,127,127,127,127,127,127,127,127,127,127,127,127,127,127,127,127,127,127,127,127,127,127,127,127,127,127,127,127,127,127,127,127,127,127,127,127,127,127,127,127,127,127,127,127,127,127,127,127,127,127,127,127,127,127,127,127,127,127,127,127,127,127,127,127,127,127,127,127,127,127,127,127,127,127,127,127,127,127,127,127,127,127,127,127,127,127,127,127,127,127,127,127,127,127,127,127,127,127,127,127,127,127,127,127,127,127,127,127,127,127,127,127,127,127,127,127,127,127,127,127,127,127,127,127,127,127,127,127,127,127,127,127,127,127,127,127,127,127,127,127,127,127,127,127,127,127,127,127,127,127,127,128,127,127,127,127,127,127,127,127,127,127,127,127,127,127,127,127,127,127,127,127,127,127,127,127,127,127,127,127,128,128,127,127,127,127,127,127,127,127,127,127,127,127,127,127,127,127,127,127,127,127,127,127,127,127,127,127,127,127,127,127,127,127,127,127,127,127,127,127,127,127,127,127,127,127,127,127,127,127,127,127,127,127,127,127,127,127,127,127,127,127,127,127,127,127,127,127,127,127,127,127,127,127,127,127,127,127,127,127,127,127,127,127,127,127,127,127,127,127,127,127,127,127,127,127,127,127,127,127,127,127,127,127,127,127,127,127,127,127,127,127,127,127,127,127,127,127,127,127,127,127,127,127,127,127,127,127,127,127,127,127,127,127,127,127,127,127,127,127,127,128,127,127,127,127,127,127,127,127,127,127,127,127,127,127,127,127,127,127,127,127,127,127,127,127,127,127,127,127,127,127,127,127,127,127,127,127,127,127,127,127,127,127,127,127,127,127,127,127,127,127,127,127,127,127,127,127,127,127,127,127,127,127,127,127,127,127,127,127,127,127,127,127,127,127,127,127,127,127,128,127,127,127,127,127,127,127,127,127,127,127,127,127,127,127,127,127,127,127,127,127,127,127,127,127,127,127,127,127,127,127,127,127,127,127,127,127,127,127,127,127,127,127,127,127,127,127,127,127,127,127,127,127,127,127,127,127,127,127,127,127,127,127,127,127,127,127,127,127,127,127,127,127,127,127,127,127,127,127,127,127,127,127,127,127,127,127,127,127,127,127,127,127,127,127,127,127,127,127,127,127,127,127,127,127,127,127,127,127,127,127,127,127,127,127,127,127,127,127,127,127,127,127,127,127,127,127,127,127,127,127,127,127,127,127,127,127,127,127,127,127,127,127,127,127,127,127,127,127,127,127,127,127,127,127,127,127,127,127,127,127,127,127,127,127,127,127,127,127,127,127,127,127,127,127,127,127,127,127,127,127,127,127,127,127,127,127,127,127,127,127,127,127,127,127,127,127,127,127,127,127,127,127,127,127,127,127,127,127,127,127,127,127,127,127,127,127,127,127,127,127,127,127,127,127,127,127,127,127,127,127,127,127,127,127,127,127,127,127,127,127,127,127,127,127,127,127,127,127,127,127,127,127,127,127,127,127,127,127,127,127,127,127,127,127,127,127,127,127,127,127,127,127,127,127,127,127,127,127,127
191,127,127,127,127,127,127,127,127,127,127,127,127,127,127,127,127,127,127,128,127,128,128,127,128,128,128,139,118,105,184,79,156,156,79,176,140,70,194,112,79,209,83,89,213,57,111,215,34,138,204,20,178,179,17,174,186,12,202,167,13,231,130,24,2,89,50,6,55,79,4,22,112,248,253,150,226,241,196,191,241,232,155,253,0,119,20,16,74,51,19,28,107,223,64,145,136,82,195,93,112,195,48,154,208,34,151,200,14,205,161,10,227,137,20,0,84,52,10,56,73,8,15,120,245,250,156,223,239,200,188,243,230,152,3,0,114,24,15,71,54,18,32,91,10,8,126,246,245,162,219,238,194,194,242,227,156,2,246,127,18,7,89,43,12,60,69,12,34,95,5,11,127,245,253,154,222,249,190,184,2,226,135,22,250,89,53,5,48,90,253,18,128,236,252,173,205,248,221,155,7,0,106,32,14,60,66,12,21,114,247,249,167,214,240,213,172,248,245,127,16,9,83,50,10,39,97,251,7,148,224,245,195,188,245,234,143,9,5,95,39,14,48,82,6,13,129,237,249,176,201,249,215,156,10,239,114,39,245,79,76,235,56,112,212,48,141,185,51,162,158,63,173,135,79,176,119,96,173,107,113,164,101,126,155,101,134,144,103,140,135,108,143,128,114,143,125,120,141,122,125,138,121,127,134,121,129,131,123,131,129,125,131,128,126,130,127,128,130,127,128,128,127,128,127,128,129,128,127,129,127,127,128,127,129,128,127,129,127,127,130,128,128,130,127,127,129,126,128,129,126,128,128,127,128,128,127,129,127,127,128,127,128,128,127,128,128,127,127,128,128,127,128,127,127,128,128,127,127,128,128,127,128,127,127,128,127,127,127,127,127,127,127,127,127,128,127,127,127,127,127,127,127,127,128,127,127,127,127,127,127,127,127,127,127,127,127,127,127,127,127,127,127,127,127,127,127,127,127,127,127,127,127,127,127,127,127,127,127,127,127,127,127,127,127,127,127,127,127,127,127,127,127,127,127,127,127,127,127,127,127,127,127,127,127,127,127,127,127,127,127,127,127,127,127,127,127,127,127,127,127,127,127,127,127,127,127,127,127,127,127,127,127,127,127,128,127,128,127,127,128,128,127,128,128,127,128,128,127,128,128,127,128,128,127,128,128,127,128,128,127,128,128,127,128,128,128,128,129,127,127,128,127,128,128,127,129,128,127,129,127,126,130,128,126,130,127,127,130,128,127,130,127,128,130,127,128,130,126,127,130,126,127,129,126,129,128,126,129,128,126,129,127,127,130,128,127,130,128,128,130,127,127,129,127,128,128,127,128,128,127,129,127,127,129,128,128,129,128,127,129,127,127,128,127,128,128,128,128,127,128,128,127,128,128,128,127,128,128,127,128,128,128,127,127,128,128,128,128,127,128,128,127,128,129,128,128,128,128,127,128,128,127,128,128,127,128,128,128,128,127,128,127,128,129,128,128,129,128,128,128,128,127,128,127,127,128,128,128,127,128,128,127,128,128,127,127,128,128,127,128,127,127,127,128,128,128,128,127,127,127,128,127,127,127,127,127,127,127,127,128,127,127,127,127,127,127,128,127,127,128,128,127,128,128,127,128,128,127,128,128,128,127,129,128,128,129,128,127,129,127,127,129,127,127,129,127,129,128,126,129,128,127,129,127,127,130,127,126,130,128,127,130,127,128,131,127,128,130,126,128,130,125,128,129,125,129,128,125,130,128,126,130,127,126,130,128,127,130,128,128,130,127,127,130,127,127,129,127,128,128,127,128,128,127,128,128,127,129,128,128,129,127,128,128,128,127,128,128,127,128,128,127,127,128,128,127,128,127,127,127,128,127,128,127,127,127,127,127,127,127,127,127,127,127,127,127,127,127,127,128,127,127,127,128,127,128,127,127,127,127,127,127,127,127,127,127,127,127,127,127,127,128,127,127,127,127,127,127,127,127,127,127,127,127,127,127,127,127,127,127,127,128,127,128,127,127,127,127,128,127,127,127,127,127,127,127,127,127,127,127,127,127,127,127,127,127,127,127,127,127,127,127,127,128,127,127,127,128,127,128,128,127,127,127,127,127,128,127,127,127,127,127,127,127,127,127,127,127,127,127,127,127,127,127,127,127,127,127,127,127,127,127,127,127,127,127,127,127,127,127,127,127,127,127,127,127,127,127,127,127,127,128,127,127,127,127,127,127,127,127,127,127,127,127,127,127,127,127,127,127,127,127,127,127,127,127,127,127,127,127,127,127,127,127,127,127,127,127,127,127,127,128,127,127,127,127,127,127,127,127,127,127,128,127,127,127,127,127,127,127,127,127,127,127,127,127,127,127,127,127,127,127,127,127,127,127,127,127,127,127,127,127,127,127,127,127,127,127,127,127,127,127,127,127,127,127,127,127,127,127,127,127,127,127,127,127,127,127,127,127,127,127,127,127,128,128,127,128,127,127,127,127,127,127,128,127,127,127,127,127,127,128,127,127,127,127,127,127,128,127,127,127,127,127,128,128,127,127,127,127,127,128,128,127,128,127,127,127,127,127,127,128,128,127,127,128,127,127,128,127,127,127,127,127,127,128,127,127,127,127,127,127,127,127,128,127,127,127,128,127,127,128,127,127,127,128,127,128,128,127,127,127,127,127,127,128,127,127,127,127,127,127,128,127,127,127,127,127,127,127,127,128,127,127,127,127,127,127,127,127,127,127,127,127,127,127,127,127,127,127,127,127,127,127,127,127,127,127,127,127,127,127,127,128,127,127,127,127,127,128,128,127,127,127,127,127,128,128,127,128,127,127,127,128,128,127,128,128,127,127,128,127,127,128,127,127,127,127,127,128,128,127,127,127,128,127,128,128,127,127,127,127,127,128,127,127,128,127,127,127,128,127,127,128,127,127,127,127,127,128,127,127,127,127,127,127,128,127,128,128,127,127,127,127,127,128,127,127,127,127,127,127,128,127,127,127,127,127,127,127,127,128,128,127,127,127,127,127,127,127,127,127,127,127,127,127,127,128,127,127,127,127,127,127,128,127,127,127,127,127,127,127,127,127,127,127,127,127,127,127,128,127,127,127,127,127,127,127,127,127,127,127,127,127,127,127,127,127,127,127,127,127,127,128,127,127,127,127,127,128,128,127,127,127,127,127,127,127,127,127,127,127,127,127,127,127,128,127,127,127,127,127,127,127,127,127,127,127,127,128,127,127,128,127,127,127,127,127,127,127,127,127,127,127,127,127,127,127,127,128,127,127,127,127,127,127,127,127,127,127,127,127,127,127,127,128,127,127,127,127,127,127,128,127,127,127,127,127,127,127,127,127,127,127,127,127,127,127,127,127,127,127,127,127,127,127,127,127,127,127,127,127,127,128,128,127,127,127,127,127,128,127,127,127,127,127,127,127,127,127,128,127,127,127,127,127,127,128,127,127,127,127,127,127,127,127,127,127,127,127,128,127,127,127,127,127,127,127,127,127,127,127,127,127,127,127,127,127,127,127,127,127,127,127,127,127,127,127,127,127,127,127,127,127,127,128,127,127,128,127,127,127,127,127,128,127,127,128,127,127,127,128,127,127,127,127,127,127,127,127,127,127,127,127,127,127,127,127,127,127,127,127,127,127,127,127,127,127,127,127,127,127,127,127,127,127,127,127,127,127,127,127,127,127,127,127,127,127,127,127,127,127,127,127,127,128,128,127,127,128,127,127,128,127,127,127,127,127,127,127,127,127,127,127,127,127,127,127,127,127,127,127,127,127,127,127,127,127,127,127,127,127,127,127,127,127,127,127,127,127,127,127,127,127,127,127,127,127,127,127,127,127,127,127,128,127,127,127,127,127,127,127,127,128,127,127,127,127,127,127,127,127,127,127,127,127,127,128,127,127,127,127,127,127,128,127,128,127,127,127,127,127,127,128,127,127,127,127,127,127,127,127,127,127,127,127,127,127,127,127,127,127,127,127,127,127,127,127,127,127,127,127,127,127,127,127,128,128,127,127,127,127,127,128,127,127,127,127,127,127,127,127,127,127,127,127,127,127,127,127,127,127,127,127,127,127,127,127,127,127,127,127,127,127,127,128,127,127,127,127,127,127,127,127,128,127,127,127,127,127,127,127,127,128,127,127,127,127,127,127,127,127,127,127,127,127,127,127,127,127,127,127,127,127,127,127,127,127,127,127,127,127,127,127,127,127,127,127,127,127,127,127,127,127,127,127,127,127,127,127,127,127,127,127,127,127,127,127,127,127,127,127,127,127,127,127,127,127,127,127,127,127,127,127,127,127,127,127,127,127,127,127,127,127,127,127,127,127,127,127,127,127,127,127,127,128,127,127,127,127,127,127,127,127,127,127,127,127,127,127,127,127,127,127,127,127,127,127,127,127,127,127,127,127,127,127,127,127,127,127,127,127,127,127,127,127,127,127,127,127,127,127,127,127,127,127,127,127,127,127,127,127,127,127,127,127,127,127,127,127,127,127,127,127,127,127,127,127,127,127,127,127,127,127,127,127,127,127,127,127,127,127,127,127,127,127,127,127,127,127,127,127,127,127,127,127,127,127,127,127,127,127,127,127,127,127,127,127,127,127,127,127,127,127,127,127,127,127,127,127,127,127,127,127,127,127,127
191,127,127,127,127,127,127,127,127,127,127,127,127,127,127,127,127,127,127,127,128,127,129,127,127,128,127,127,140,101,128,169,77,161,150,81,179,135,74,196,110,80,210,81,90,214,56,111,217,32,102,227,30,128,214,17,158,200,11,192,177,13,223,144,18,245,158,11,239,127,29,0,85,53,7,51,80,0,23,114,241,6,101,250,6,142,229,244,185,197,244,217,139,34,211,128,94,140,117,158,110,110,167,77,147,170,44,182,145,44,226,102,57,246,62,87,243,18,141,221,252,194,179,4,239,173,0,239,123,25,8,63,69,8,22,120,241,250,177,203,246,222,153,8,0,93,43,12,48,82,12,47,85,5,15,126,240,252,169,205,250,213,154,13,245,100,45,5,54,85,0,22,130,224,10,187,212,11,196,157,23,237,96,55,252,45,104,238,9,165,205,253,221,146,16,253,86,57,0,34,119,253,26,131,225,2,192,178,5,234,124,32,252,63,87,243,20,148,213,0,204,165,10,242,102,46,0,89,57,0,37,114,235,10,170,190,9,214,137,34,232,92,76,225,63,119,200,54,150,167,61,170,137,73,165,132,90,168,116,109,162,106,126,151,104,135,139,108,141,128,116,142,123,123,139,119,128,135,120,129,132,121,132,128,123,134,126,126,133,124,127,131,124,130,128,125,131,128,126,132,126,128,131,125,127,130,125,129,129,125,130,128,125,131,128,127,131,127,128,131,125,127,130,125,129,129,125,130,127,126,130,128,126,130,128,127,130,127,127,130,127,128,130,126,127,129,126,128,129,126,129,128,126,129,127,127,129,128,127,129,127,127,129,127,128,129,128,127,128,128,127,128,128,127,128,128,127,127,127,127,127,127,127,127,127,127,128,127,127,128,127,127,127,127,127,128,127,127,127,128,127,127,128,128,127,128,128,127,128,128,127,127,128,127,128,128,128,127,128,128,127,128,128,127,127,128,128,127,128,128,127,128,128,127,127,128,128,127,128,128,127,128,127,127,127,128,127,127,127,127,127,127,127,127,127,127,127,127,128,127,127,127,127,127,128,127,127,127,127,127,127,127,127,127,127,127,127,127,127,127,127,127,127,128,127,127,127,128,127,127,127,127,127,127,127,127,127,127,127,127,127,127,127,127,127,127,127,127,127,127,127,127,127,127,127,127,127,127,127,127,127,127,127,127,127,127,127,127,127,127,127,127,127,127,127,127,127,127,127,127,127,127,127,127,127,127,127,127,127,127,127,127,127,127,127,127,127,127,127,128,127,127,127,127,127,128,128,127,127,128,128,127,128,128,128,128,128,128,127,129,127,127,129,127,128,129,126,128,129,126,129,129,126,130,128,126,130,127,126,131,128,127,131,126,128,131,126,127,131,125,128,130,125,128,130,124,129,129,124,130,128,125,131,128,125,131,128,127,131,127,128,131,126,127,131,126,128,129,126,128,130,126,128,129,126,129,128,127,129,127,127,129,128,128,129,128,127,128,128,127,128,128,128,127,128,127,128,128,128,127,128,128,127,128,128,127,127,128,127,127,128,127,127,127,127,127,128,127,127,127,127,127,127,127,127,127,127,127,127,127,127,127,127,127,127,127,127,127,127,127,127,127,127,127,127,127,127,127,127,127,127,127,127,127,127,127,127,127,127,127,127,127,127,127,127,127,127,127,127,127,127,127,127,127,127,127,127,127,127,127,127,127,127,127,127,127,127,127,127,127,127,127,127,127,127,127,127,127,127,127,127,127,127,127,127,127,127,127,127,127,127,127,127,127,127,127,127,127,127,127,127,127,127,127,127,127,127,127,127,127,127,127,127,127,127,127,127,127,127,127,127,127,127,127,127,127,127,127,127,127,127,127,127,127,127,127,127,127,127,127,127,127,127,127,127,127,127,127,127,127,127,127,127,127,127,127,127,127,127,127,127,127,127,127,127,127,127,127,127,127,127,127,127,127,127,127,127,127,127,127,127,127,127,127,127,127,128,127,127,127,127,127,127,127,128,127,128,127,127,127,128,128,127,128,127,127,128,128,127,128,128,128,127,128,128,127,128,128,127,128,128,127,127,128,128,127,128,128,127,128,128,127,128,128,127,127,128,128,127,128,128,127,128,128,128,127,128,128,127,128,128,127,128,128,128,127,128,127,127,128,128,127,128,127,127,127,128,127,127,127,127,127,127,127,127,127,127,127,127,127,127,127,127,127,127,127,127,127,127,127,127,127,127,127,127,127,127,127,127,127,127,127,127,127,127,127,127,127,127,127,127,127,127,127,127,127,127,127,127,127,127,127,127,127,127,127,127,127,127,127,127,127,127,127,127,127,127,127,127,127,127,127,127,127,127,127,127,127,127,127,127,127,127,127,127,127,127,127,127,127,127,127,127,127,127,128,127,127,128,127,127,128,128,127,128,127,127,127,128,127,127,128,127,127,127,128,127,127,128,127,127,128,127,127,128,127,127,128,127,127,127,127,127,127,127,127,127,127,127,127,127,127,127,127,127,127,127,127,127,127,127,127,127,127,127,127,127,127,127,127,127,127,128,127,127,128,128,127,128,128,127,128,128,127,127,128,128,127,128,128,128,127,128,128,127,128,128,127,128,128,127,128,128,127,127,128,128,127,128,128,127,128,128,128,127,128,128,127,128,128,127,128,128,127,127,128,127,127,128,128,127,128,128,127,127,128,127,127,128,128,127,127,128,127,127,128,127,127,127,127,127,127,127,127,127,127,127,127,127,127,127,127,127,127,127,127,127,127,127,127,127,127,127,127,127,127,127,127,127,127,127,127,127,127,127,127,127,127,127,127,127,127,127,127,127,127,127,127,127,127,127,127,127,127,127,127,127,127,127,127,127,127,127,127,127,127,127,127,127,127,127,127,127,127,127,127,127,127,127,127,127,127,127,127,127,127,127,127,127,127,127,127,127,127,127,127,127,127,127,128,127,127,127,127,127,127,127,127,128,127,127,127,127,127,127,127,127,127,127,127,127,127,127,127,127,127,127,127,127,127,127,127,127,127,127,127,127,127,127,127,127,127,127,128,127,127,128,127,127,128,128,128,127,128,128,127,128,128,127,128,128,127,127,128,127,127,128,127,127,128,127,127,128,128,127,127,128,128,127,128,128,127,128,128,127,127,128,128,127,128,128,127,128,127,127,127,128,127,127,127,127,127,127,127,127,127,127,127,127,127,127,127,127,127,127,127,127,127,127,127,127,127,127,127,127,127,127,127,127,127,127,127,127,127,127,127,127,127,127,127,127,127,127,127,127,127,127,127,127,127,127,127,127,127,127,127,127,127,127,127,127,127,127,127,127,127,127,127,127,127,127,127,127,127,127,127,127,127,127,127,127,127,127,127,127,127,127,127,127,127,127,127,127,127,127,127,127,127,127,127,127,127,127,127,127,127,127,127,127,127,127,127,127,127,127,127,127,127,127,127,127,127,127,127,127,127,127,127,127,127,127,127,127,127,127,127,127,127,127,127,127,127,127,127,127,127,127,127,127,127,127,127,127,127,127,127,127,127,127,127,127,127,127,127,127,127,127,127,127,127,127,127,127,127,127,127,127,127,127,127,127,127,127,127,127,127,127,127,127,127,127,127,127,127,127,127,127,127,127,127,127,127,127,127,127,127,127,127,127,127,127,127,127,127,127,127,127,127,127,127,127,127,127,127,127,127,127,127,127,127,127,127,127,127,127,127,127,127,127,127,127,127,127,127,127,127,127,127,127,127,127,127,127,127,127,127,127,127,127,127,127,127,127,127,127,127,127,127,127,127,127,127,127,127,127,127,127,127,127,127,127,127,127,127,127,127,127,127,127,127,127,127,127,127,127,127,127,127,127,127,127,127,127,127,127,127,127,127,127,127,127,127,127,127,127,127,127,127,127,127,127,127,127,127,127,127,127,127,127,127,127,127,127,127,127,127,127,127,127,127,127,127,127,127,127,127,127,127,127,127,127,127,127,127,127,127,127,127,127,127,127,127,127,127,127,127,127,127,127,127,127,127,127,127,127,127,127,127,127,127,127,127,127,127,127,127,127,127,127,127,127,127,127,127,127,127,127,127,127,127,127,127,127,127,127,127,127,127,127,127,127,127,127,127,127,127,127,127,127,127,127,127,127,127,127,127,127,127,127,127,127,127,127,127,127,127,127,127,127,127,127,127,127,127,127,127,127,127,127,127,127,127,127,127,127,127,127,127,127,127,127,127,127,127,127,127,127,127,127,127,127,127,127,127,127,127,127,127,127,127,127,127,127,127,127,127,127,127,127,127,127,127,127,127,127,127,127,127,127,127,127,127,127,127,127,127,127,127,127,127,127,127,127,127,127,127,127,127,127,127,127,127,127,127,127,127,127,127,127,127,127,127,127,127,127,127,127,127,127,127,127,127,127,127,127,127,127,127,127,127,127,127,127,127,127,127,127,127,127,127,127,127,127,127,127,127,127,127,127,127,127,127,127,127,127,127,127,127,127,127,127,127,127,127,127,127,127,127,127,127,127,127,127,127,127,127,127,127,127,127,127,127,127,127,127,127,127,127,127,127,127,127,127,127,127,127,127,127,127,127,127,127,127,127,127,127,127,127,127,127,127,127,127,127,127,127,127,127,127,127,127,127,127,127,127,127,127,127
191,127,127,127,127,127,127,127,127,127,127,127,127,127,127,127,127,127,127,128,127,127,128,128,127,128,127,135,137,91,178,100,108,176,80,130,175,61,160,167,56,190,144,44,221,118,54,235,81,73,244,45,100,239,18,135,225,253,171,205,245,208,177,249,241,136,10,9,98,34,18,57,65,17,24,100,5,252,143,8,4,131,240,241,171,215,236,209,182,242,243,120,27,234,100,104,172,79,167,134,81,195,69,117,209,38,147,202,16,202,162,13,234,120,32,4,65,70,6,28,110,246,252,170,208,243,214,165,2,251,109,31,13,58,70,10,16,124,241,247,176,206,243,224,156,4,0,104,33,14,54,73,11,17,118,247,249,163,217,243,209,173,253,244,121,23,10,71,59,14,29,101,0,1,148,227,242,197,189,245,233,146,7,2,101,34,15,57,70,13,20,112,250,251,158,219,244,207,173,0,243,119,26,10,66,68,9,26,115,243,4,164,203,2,211,149,19,245,93,52,4,42,97,248,9,147,221,251,200,174,4,243,112,33,9,57,75,6,15,130,234,247,192,189,249,237,134,16,7,78,54,10,30,113,242,0,172,204,247,222,153,8,253,96,42,8,43,93,251,6,152,219,245,206,174,253,245,118,27,9,60,73,4,18,128,234,249,187,192,249,232,136,17,4,80,56,7,32,111,243,4,166,205,251,213,154,13,243,103,47,252,58,93,239,30,138,209,23,176,169,34,200,130,58,208,101,88,201,80,118,185,71,141,164,73,159,141,83,168,123,99,168,109,115,162,101,128,152,100,139,140,103,146,129,109,148,122,118,147,116,126,142,114,131,137,115,135,131,117,137,128,121,138,124,125,136,122,127,133,121,130,131,122,132,127,124,133,127,126,132,126,128,131,125,128,129,126,129,128,126,129,127,127,130,128,128,129,127,127,129,127,128,128,127,128,127,128,128,127,128,128,128,127,128,128,127,128,128,127,127,128,128,127,127,127,127,127,127,127,127,127,127,127,127,127,127,127,127,127,127,127,127,127,127,127,127,127,127,127,127,127,127,127,127,127,127,127,127,127,127,127,127,127,127,127,127,127,127,127,127,127,127,127,127,127,127,128,127,127,127,127,127,127,127,127,127,127,127,127,127,127,127,127,127,127,127,128,127,127,128,128,127,128,128,127,127,128,128,127,128,128,127,128,128,127,128,127,128,128,127,128,128,127,129,127,127,129,127,127,129,128,128,129,128,128,129,127,127,129,126,128,129,126,129,128,126,129,127,127,129,127,127,129,127,128,130,127,127,129,127,128,129,127,129,128,127,129,127,127,129,128,128,129,128,127,129,127,127,129,127,127,128,127,128,128,127,128,127,128,128,127,128,128,128,127,128,127,127,128,128,127,127,127,127,127,127,127,127,127,127,127,128,128,127,127,128,128,127,128,128,127,128,128,127,127,128,128,127,128,128,128,128,128,128,127,128,128,127,128,128,128,127,128,128,127,127,128,128,127,128,128,127,127,128,128,127,128,128,127,128,128,128,128,128,128,127,128,128,127,128,129,127,128,129,128,128,129,128,128,129,127,127,129,127,128,129,126,129,128,127,129,127,127,130,127,127,130,128,128,130,127,128,129,127,127,129,127,128,129,127,128,128,127,129,128,127,129,127,127,129,127,128,129,128,128,129,128,127,129,127,127,129,128,127,128,127,128,128,127,129,127,128,129,128,128,129,128,128,129,127,128,128,127,128,128,127,128,127,127,129,127,127,129,128,128,129,127,127,129,127,128,128,127,129,128,127,129,127,127,129,128,128,129,128,128,129,127,127,129,126,128,129,127,129,128,126,129,127,127,129,127,127,129,128,128,129,128,128,129,128,127,129,127,127,128,127,127,128,127,128,128,127,128,128,127,128,128,127,129,127,127,129,127,127,129,128,128,129,128,128,129,127,127,129,127,128,128,127,128,128,127,129,127,128,128,128,128,128,128,127,128,128,127,128,128,128,128,128,128,127,128,128,127,128,128,127,127,128,127,127,128,128,127,127,127,128,127,127,127,127,127,127,127,127,127,127,127,127,127,127,127,127,127,127,127,127,127,127,128,127,128,128,127,127,127,128,128,127,128,127,127,128,128,127,128,128,127,127,128,128,127,127,128,127,128,128,127,127,128,128,127,128,127,127,127,127,127,127,127,127,127,127,127,127,127,127,127,128,127,127,128,127,127,127,127,127,127,127,127,127,127,127,127,127,127,127,127,127,127,127,127,127,127,127,127,127,128,128,128,127,128,128,127,128,128,127,127,128,127,127,128,128,127,128,128,128,127,128,128,127,127,128,127,127,128,128,127,127,127,127,127,128,127,128,128,127,127,128,127,127,128,128,127,128,128,127,128,128,127,128,128,127,128,128,127,127,128,127,128,128,127,127,127,128,127,128,127,127,127,127,127,127,128,127,127,127,127,127,127,127,127,127,127,127,127,127,127,127,127,127,127,127,127,127,127,127,127,127,127,127,127,127,127,127,127,127,127,127,127,127,127,127,127,127,127,127,127,127,127,127,127,127,127,127,128,127,127,127,128,127,127,128,127,127,128,128,127,128,128,127,127,128,128,127,128,128,127,128,128,128,127,128,128,127,128,128,127,128,128,127,128,128,127,127,128,127,127,128,127,127,128,127,127,128,128,127,128,127,127,127,127,127,127,127,127,127,127,127,127,127,127,127,127,127,127,127,127,127,127,127,128,127,127,127,127,127,127,127,127,127,127,127,127,127,127,127,127,127,127,127,127,127,127,127,127,127,127,127,127,127,127,127,127,127,127,128,127,127,128,127,127,127,127,127,127,128,127,127,127,127,127,127,127,127,128,127,127,127,127,127,127,127,127,127,127,127,127,127,127,127,127,127,127,127,127,127,127,127,127,128,127,127,128,128,127,127,128,127,127,128,128,127,128,128,127,128,128,127,127,128,127,127,128,128,127,127,127,127,127,128,127,127,128,127,127,128,128,127,127,128,127,127,127,127,127,128,127,127,127,127,127,127,127,127,127,127,127,127,127,127,127,127,127,127,127,127,127,127,127,127,127,127,127,127,127,127,127,127,127,127,127,127,127,127,127,127,127,127,127,127,127,127,127,127,127,127,127,127,127,127,127,127,127,127,127,127,127,127,127,127,127,127,127,127,127,127,127,127,127,127,127,127,127,127,127,127,127,127,127,127,127,127,127,127,127,127,127,127,127,127,127,127,127,127,127,127,127,127,127,127,127,127,127,127,127,127,127,127,127,127,127,127,127,127,127,127,127,127,127,127,127,127,127,127,127,127,127,127,127,127,127,127,127,127,127,127,127,127,127,127,127,127,127,127,127,127,127,127,127,127,127,127,127,127,127,127,127,127,127,127,127,127,127,127,127,127,127,127,127,127,127,127,127,127,127,127,127,127,127,127,127,127,127,127,127,127,127,127,127,127,127,127,127,127,127,127,127,127,127,127,127,127,127,127,127,127,127,127,127,127,127,127,127,127,127,127,127,127,127,127,127,127,127,127,127,127,127,127,127,127,127,127,127,127,127,127,127,127,127,127,127,127,127,127,127,127,127,127,127,127,127,127,127,127,127,127,127,127,127,127,127,127,127,127,127,127,127,127,127,127,127,127,127,127,127,127,127,127,127,127,127,127,127,127,127,127,127,127,127,127,127,127,127,127,127,127,127,127,127,127,127,127,127,127,127,127,127,127,127,127,127,127,127,127,127,127,127,127,127,127,127,127,127,127,127,127,127,127,127,127,127,127,127,127,127,127,127,127,127,127,127,127,127,127,127,127,127,127,127,127,127,127,127,127,127,127,127,127,127,127,127,127,127,127,127,127,127,127,127,127,127,127,127,127,127,127,127,127,127,127,127,127,127,127,127,127,127,127,127,127,127,127,127,127,127,127,127,127,127,127,127,128,127,127,127,127,127,127,127,127,127,127,127,127,127,127,127,127,127,127,127,127,127,127,127,127,127,127,127,127,127,127,127,127,127,127,127,127,127,127,127,127,127,127,127,127,127,127,127,127,127,127,127,127,127,127,127,127,127,127,127,127,127,127,127,127,127,127,127,127,127,127,127,127,127,127,127,127,127,127,127,127,127,127,127,127,127,127,127,127,127,127,127,127,127,127,127,127,127,127,127,127,127,127,127,127,127,127,127,127,127,127,127,127,127,127,127,127,127,127,127,127,127,127,127,127,127,127,127,127,127,127,127,127,127,127,127,127,127,127,127,127,127,127,127,127,127,127,127,127,127,127,127,127,127,127,127,127,127,127,127,127,127,127,127,127,127,127,127,127,127,127,127,127,127,127,127,127,127,127,127,127,127,127,127,127,127,127,127,127,127,127,127,127,127,127,127,127,127,127,127,127,127,127,127,127,127,127,127,127,127,127,127,127,127,127,127,127,127,127,127,127,127,127,127,127,127,127,127,127,127,127,127,127,127,127,127,127,127,127,127,127,127,127,127,127,127,127,127,127,127,127,127,127,127,127,127,127,127,127,127,127,127,127,127,127,127,127,127,127,127,127,127,127,127,127,127,127,127,127,127,127,127,127,127,127,127,127,127,127,127,127,127,127,127,127,127,127,127,127,127,127,127,127,127,127,127,127,127,127,127,127,127,127,127,127,127,127
