191,127,127,127,127,127,127,127,127,127,127,127,127,127,127,127,127,127,127,127,127,128,129,125,127,130,128,140,104,124,170,74,171,132,84,185,115,82,199,81,98,205,54,123,204,33,154,195,18,188,174,14,225,139,22,249,104,40,7,115,29,10,73,56,15,36,90,6,8,128,242,243,165,219,236,206,185,242,241,142,4,10,102,29,20,59,62,19,24,98,6,0,150,200,57,171,115,85,209,66,132,194,42,142,202,17,182,178,13,226,141,17,246,104,38,9,60,69,12,26,102,1,0,143,232,241,181,205,240,219,170,247,248,128,13,14,81,45,19,46,76,15,17,110,0,249,147,232,238,184,204,240,221,167,249,245,131,13,8,92,39,17,54,70,15,30,96,7,6,128,246,250,152,226,243,179,206,246,205,172,3,234,127,24,0,83,55,8,44,93,0,15,131,233,252,171,205,248,213,163,5,246,115,29,10,71,58,15,32,96,3,1,148,227,241,201,225,241,199,186,243,236,145,5,6,98,36,13,52,79,5,17,127,238,249,173,207,242,215,170,249,247,127,17,11,81,48,15,36,92,4,5,139,233,243,187,195,245,226,150,7,251,105,36,6,63,76,253,36,117,228,24,152,198,26,177,164,42,193,133,62,195,115,85,190,97,107,182,89,125,167,88,138,153,89,147,142,95,152,129,104,154,121,113,152,115,122,148,112,128,144,112,131,138,114,134,133,115,136,131,118,135,127,121,136,127,123,134,127,125,132,127,127,132,127,126,130,128,128,129,127,127,130,127,128,127,128,127,128,127,128,128,128,127,128,129,128,127,128,129,127,127,127,128,127,129,128,127,127,129,128,127,128,127,127,127,128,127,127,127,127,127,127,128,128,127,128,127,128,128,128,127,128,128,128,128,129,128,127,127,128,127,129,128,127,127,128,128,128,128,127,127,127,127,128,127,128,127,129,128,128,129,128,127,127,127,128,128,127,129,128,128,127,127,127,128,127,128,128,127,128,128,128,128,127,128,128,127,128,129,127,128,127,128,128,129,128,128,129,128,127,128,129,128,127,128,127,127,128,128,127,127,128,128,129,128,128,127,128,127,127,128,128,128,127,127,127,127,129,127,128,129,128,128,128,128,127,128,127,128,127,127,127,127,127,128,128,128,128,128,128,129,127,128,127,128,127,128,128,129,127,128,128,128,127,127,127,128,128,128,127,127,127,128,127,127,129,128,127,127,127,127,127,128,128,128,127,128,128,129,128,127,128,128,127,128,127,129,128,127,128,130,128,128,128,128,128,127,127,128,127,128,128,128,129,128,127,127,127,127,127,127,127,128,127,128,128,128,127,127,128,127,128,128,128,128,127,128,127,128,127,127,128,128,127,128,127,127,128,128,127,127,128,128,128,127,129,127,128,128,128,128,127,128,128,127,128,127,128,128,127,128,127,127,128,128,128,130,128,127,129,127,128,127,127,128,127,128,127,129,127,128,127,127,127,128,128,128,128,128,128,127,127,128,128,128,129,127,127,128,129,128,128,128,128,128,127,128,128,128,128,127,127,128,127,127,127,127,127,127,128,128,128,128,128,128,128,127,128,127,127,127,127,128,127,127,127,128,127,128,127,128,129,128,128,127,128,127,128,127,127,128,127,127,127,129,128,128,128,128,128,128,128,128,127,127,127,128,127,128,127,128,127,128,127,127,127,128,127,128,128,128,128,129,129,128,128,128,128,127,128,128,130,128,127,128,129,127,127,128,128,127,129,127,127,127,128,128,127,127,128,127,127,127,128,127,127,127,127,127,128,127,128,127,128,127,128,127,128,128,127,128,128,128,128,128,127,127,128,128,128,127,127,127,127,127,127,128,128,128,128,128,127,127,128,127,128,128,128,129,127,127,129,128,127,127,128,128,128,127,127,128,128,128,127,127,129,128,128,129,127,128,127,128,128,127,128,129,128,126,129,128,126,130,128,126,131,128,126,131,128,126,131,127,127,131,127,127,130,128,127,129,128,128,129,128,128,128,128,128,127,128,128,127,128,127,127,127,127,128,127,128,128,127,127,128,128,128,127,127,128,128,128,127,128,127,127,128,127,128,128,129,128,127,127,129,128,128,127,128,127,127,128,128,127,128,127,127,127,128,127,127,129,127,127,129,127,127,129,128,127,128,128,128,128,127,127,129,127,128,128,128,129,128,127,128,129,126,128,129,126,129,128,126,130,127,126,131,128,127,131,127,127,132,126,127,131,127,128,129,126,128,129,126,128,128,127,129,128,128,130,127,127,129,128,127,128,128,127,127,127,128,127,128,129,127,128,128,127,128,129,128,127,128,127,128,127,127,128,128,126,128,129,128,127,128,128,129,128,127,127,129,127,128,127,127,129,128,127,128,128,127,128,127,128,129,128,127,128,127,128,128,128,127,127,128,128,128,127,127,130,127,128,129,127,128,129,125,129,128,126,129,128,128,131,127,127,131,127,128,131,127,128,131,127,127,130,125,127,131,126,127,129,127,128,128,127,128,129,127,127,128,127,128,128,128,128,128,129,127,127,127,129,128,127,128,128,129,128,128,128,128,128,128,127,127,128,128,128,128,127,128,127,128,129,127,128,127,127,127,128,127,128,127,128,127,127,127,127,127,127,128,127,128,127,127,127,128,127,127,128,128,127,127,127,128,128,128,127,127,128,128,127,128,128,128,127,128,127,127,128,127,127,128,128,127,127,128,127,127,129,127,128,127,128,128,128,128,128,128,128,129,127,127,128,130,127,128,129,127,128,129,127,128,129,127,128,128,129,127,128,128,129,127,128,128,128,128,128,128,128,128,127,128,129,127,128,128,129,128,127,127,128,127,127,128,128,128,128,127,127,127,128,128,127,129,128,128,128,128,127,128,129,128,128,130,128,128,130,128,127,128,128,128,127,128,128,128,128,127,128,128,127,128,127,128,127,128,129,127,127,127,127,128,128,128,128,128,128,127,128,127,128,129,128,127,128,128,128,127,128,129,127,127,127,127,128,127,128,128,127,127,127,128,128,127,127,128,128,127,127,127,127,127,127,127,127,127,127,128,128,127,127,127,128,127,128,128,129,127,128,127,128,128,128,127,128,127,128,127,129,128,128,127,129,127,128,128,128,128,127,128,128,127,127,127,127,127,128,128,127,127,127,129,127,127,128,128,127,128,127,127,127,127,127,127,128,128,128,127,128,128,128,127,128,128,127,127,128,128,127,127,127,127,127,128,128,127,128,129,127,128,127,128,128,127,127,128,127,127,127,128,128,127,128,127,128,128,127,127,127,127,127,127,128,128,128,128,129,128,128,128,128,127,127,127,127,128,128,127,127,127,128,128,127,128,127,129,127,128,128,128,127,128,127,127,128,128,128,127,127,127,127,127,128,128,127,128,128,128,128,128,128,129,127,128,127,127,127,127,127,127,127,128,128,127,128,127,127,128,128,128,129,128,127,128,128,127,127,128,128,127,127,127,127,127,129,127,128,128,128,127,127,128,127,128,127,127,127,128,127,128,127,128,128,128,127,127,127,128,128,127,128,127,127,129,127,127,128,127,127,127,127,128,127,129,128,128,129,128,128,127,127,128,129,127,128,127,128,127,127,128,129,127,128,128,128,127,128,128,128,130,128,127,127,128,128,128,127,128,127,128,128,127,127,128,127,127,127,128,128,128,127,126,127,129,128,128,128,127,127,128,128,127,127,127,127,127,128,128,128,127,128,127,128,129,126,128,129,128,128,128,128,127,129,127,127,130,128,127,128,129,128,127,128,127,128,128,127,128,127,129,127,128,128,127,128,128,128,127,127,127,128,128,128,128,128,127,127,127,128,128,128,128,128,128,128,128,127,127,129,128,127,128,128,128,127,127,129,128,128,128,128,127,128,128,129,127,127,127,129,128,127,127,128,128,128,127,128,127,127,128,127,128,127,127,128,128,127,128,127,127,128,127,127,129,127,127,128,127,127,128,128,127,127,128,127,128,128,127,128,129,128,128,128,128,128,128,128,127,127,129,128,128,128,127,128,128,127,127,127,128,127,127,128,128,128,127,128,128,127,128,127,128,129,127,128,127,128,128,128,128,128,128,128,128,128,127,128,128,127,127,128,127,127,127,127,127,128,128,127,128,127,128,127,129,127,128,127,128,127,128,128,128,127,128,127,128,128,128,127,128,128,128,128,127,127,128,127,128,127,128,127,128,127,128,128,129,128,128,127,127,127,128,127,127,127,127,127,127,128,128,127,128,128,128,127,127,128,129,127,128,129,127,127,127,127,129,127,127,127,130,128,128,128,128,127,127,128,127,127,127,128,128,129,128,127,128,128,127,127,128,128,127,127,127,127,129,127,128,130,128,128,129,128,128,127,127,127,127,128,128,127,128,127,128,128,127,127,128,128,127,127,127,128,128,128,127,128,127,128,127,127,127,128,127,128,128,127,129,127,128,128,128,128,127,129,127,128,127,128,127,128,127,129,127,127,128,128,127,127,128,128,127,128,128,127,128,128,127,128,128,127,128,127,127,127,127,127,129,127,127,127,127,128,128,128,127,127,127,128,128,127,128,128,128,128,129,128,128,128,128,128,127,128,128,128,128,127,127,127,128,128,127,128,128,128,128,128,128,128,127,128,128,128,129,128,127
191,127,127,127,127,127,127,127,127,127,127,127,127,127,127,127,127,127,128,127,127,128,128,128,128,127,130,137,92,180,96,114,172,80,133,173,61,160,184,53,160,171,41,187,159,36,214,133,47,230,100,58,233,112,46,244,81,67,251,42,97,246,15,131,230,253,164,240,4,152,220,245,197,188,245,232,151,2,0,117,22,248,127,15,13,82,45,19,44,77,12,11,135,206,74,142,126,102,173,80,156,132,76,203,110,66,230,59,106,226,22,143,216,2,197,177,251,195,185,251,237,124,26,6,74,58,11,28,112,244,253,166,211,246,218,158,246,222,155,7,0,99,38,14,48,80,7,11,129,237,245,184,200,244,229,200,243,229,150,6,3,98,37,15,51,76,12,16,117,248,249,161,217,251,159,219,244,207,173,0,242,121,26,7,72,61,11,31,104,249,6,156,244,7,162,203,4,209,149,20,241,98,51,1,48,95,246,13,146,218,0,201,212,0,211,154,15,247,96,47,5,42,100,245,7,160,212,249,216,155,10,224,146,14,0,88,52,4,36,114,237,4,172,201,249,219,155,8,249,99,13,251,89,54,1,38,112,238,5,170,202,251,220,151,11,251,92,49,5,82,57,4,33,113,240,4,171,199,0,219,144,19,247,90,57,252,45,109,248,44,115,225,26,158,187,29,190,146,48,205,112,78,203,87,110,188,74,136,180,79,136,161,81,153,140,90,161,125,102,161,113,117,155,106,128,147,105,128,144,108,137,134,111,141,128,116,141,124,123,140,120,128,137,119,130,132,121,130,131,122,132,128,124,133,127,126,132,126,128,130,125,129,129,125,129,128,127,129,128,127,130,128,127,129,128,127,128,127,128,128,127,128,128,127,128,127,128,129,128,128,128,128,127,128,128,127,127,127,127,127,127,127,127,127,128,127,128,128,128,127,127,127,127,127,127,127,127,128,127,128,128,127,127,127,127,127,127,128,127,127,127,127,127,127,128,127,127,127,127,127,127,127,127,127,127,127,127,127,128,127,128,127,127,127,127,127,127,127,127,128,127,127,127,127,127,127,127,127,127,127,127,127,128,127,128,127,127,127,127,128,127,128,127,128,128,128,127,128,128,127,128,127,127,127,127,127,127,127,128,127,127,127,127,127,127,128,127,127,127,127,128,127,128,127,128,127,128,127,128,127,128,127,128,127,128,127,128,127,127,127,127,127,127,128,127,128,128,127,127,127,127,127,128,128,127,128,127,128,128,127,127,127,128,128,128,128,128,128,127,127,128,127,128,127,128,127,128,127,128,127,127,128,127,128,128,127,128,127,127,127,128,128,128,128,128,127,128,127,127,127,128,128,128,128,128,127,127,127,127,127,129,128,128,129,128,127,127,128,128,128,128,127,128,128,127,128,128,128,127,128,128,127,128,128,127,128,128,128,127,129,127,128,129,128,128,128,127,128,129,126,127,129,127,127,128,127,128,127,127,129,128,127,128,127,128,128,128,128,129,128,127,128,127,128,128,127,128,127,128,128,127,127,127,127,127,128,127,128,128,127,127,127,127,128,127,128,128,127,127,127,128,127,128,128,127,127,127,128,127,128,128,128,127,128,127,127,127,127,127,127,128,127,128,128,127,127,127,128,127,127,128,127,128,127,127,127,127,127,127,128,127,128,128,128,128,127,127,127,127,127,127,128,127,128,128,127,127,127,127,127,128,127,128,127,128,127,128,127,127,128,128,127,128,127,127,127,127,128,128,127,127,127,127,127,127,127,128,127,127,127,127,128,127,128,127,128,128,127,127,127,127,127,127,128,127,128,127,127,127,127,127,127,127,127,127,127,127,127,127,128,128,127,127,127,127,127,128,127,128,127,127,127,127,128,128,128,128,127,127,128,127,128,127,128,127,128,127,127,127,128,127,128,127,127,127,127,127,127,128,127,127,128,127,127,127,127,127,128,128,127,128,128,127,128,128,127,127,128,128,127,129,128,127,129,128,128,129,127,127,129,127,127,129,127,127,129,127,128,128,126,129,128,126,128,128,127,128,128,127,129,127,127,129,127,127,128,128,127,128,128,127,127,127,127,128,127,128,128,128,128,127,129,127,127,131,127,127,132,125,127,132,123,129,132,122,128,133,121,131,131,120,133,129,120,136,128,121,138,124,123,139,121,126,139,121,125,139,118,127,138,116,131,135,115,135,131,116,139,128,118,142,123,122,141,124,121,141,119,126,140,116,129,137,115,134,132,116,138,128,118,139,126,122,138,126,122,138,122,126,137,120,128,134,120,131,131,120,133,128,122,134,127,125,133,127,125,134,125,127,132,125,127,130,125,129,129,125,129,128,128,128,128,127,128,127,128,127,128,127,128,128,127,127,129,128,128,130,127,128,131,125,127,130,126,128,129,124,130,129,124,130,128,126,131,127,126,133,126,127,132,125,128,130,124,128,130,124,129,129,125,130,127,126,131,127,127,131,126,127,130,125,130,128,124,130,129,125,131,128,127,132,126,128,132,125,128,130,124,131,128,124,132,127,124,131,128,126,132,126,128,132,124,128,131,124,129,129,124,132,127,124,132,128,125,131,127,126,132,126,128,131,126,128,129,125,130,128,125,130,127,127,130,127,127,130,128,128,130,127,127,129,127,128,128,126,129,127,127,129,128,127,129,127,127,129,128,127,128,127,128,127,127,129,127,127,128,127,128,128,128,127,129,127,127,128,128,128,128,128,127,128,128,128,128,128,127,127,127,128,127,128,128,127,127,128,127,128,127,128,127,127,127,127,128,128,127,128,127,127,127,127,128,127,128,127,128,128,127,127,127,128,128,128,127,127,128,128,127,128,127,127,128,128,128,128,127,127,128,127,127,127,128,128,127,128,128,127,127,127,127,127,127,127,127,127,127,128,127,128,127,128,127,127,128,127,128,128,128,127,128,128,127,127,127,128,128,128,128,127,128,127,127,127,128,128,127,128,128,127,127,128,128,127,127,127,127,128,128,127,128,127,127,127,127,127,128,128,127,128,127,127,128,128,127,127,127,127,127,127,127,127,127,127,127,127,127,127,127,127,128,127,128,127,127,127,128,127,128,128,127,128,128,127,127,127,128,127,128,128,127,128,128,127,127,127,128,127,127,128,128,128,127,128,127,128,127,128,128,127,128,128,127,128,128,127,127,128,128,127,128,127,128,127,127,127,127,128,128,127,127,127,127,127,127,127,127,128,128,128,127,128,127,127,127,127,127,127,127,127,128,127,128,128,127,127,128,127,127,127,127,127,128,127,128,128,127,127,127,127,127,128,127,128,128,127,128,127,127,127,128,128,127,128,127,128,127,127,127,127,127,127,128,127,127,128,127,128,127,127,127,127,128,128,128,128,127,127,127,128,127,128,128,127,128,127,127,127,127,128,127,128,127,128,128,127,127,127,127,127,128,128,127,128,128,127,127,127,127,128,127,128,127,128,128,128,127,127,127,127,127,127,128,128,127,127,127,127,127,127,128,127,128,127,127,127,127,128,127,128,128,127,128,128,127,127,127,128,127,128,128,127,128,127,127,127,128,128,127,128,128,127,127,128,127,127,128,127,128,128,127,127,127,128,127,128,128,127,128,128,127,127,128,128,127,127,127,127,128,128,127,128,128,127,127,128,127,127,128,127,127,127,127,128,128,128,127,128,127,128,127,127,127,128,127,128,128,127,127,128,128,127,127,127,127,127,128,128,128,128,127,127,128,127,128,127,128,127,128,127,127,128,128,127,128,128,127,127,127,128,128,127,127,128,127,128,127,127,127,127,128,127,127,128,128,127,127,127,127,127,128,128,128,129,127,128,127,127,128,128,128,127,128,128,128,127,128,128,127,128,127,128,127,127,127,127,128,128,128,128,127,127,127,127,127,127,128,128,127,128,127,127,127,127,127,128,128,127,128,127,128,127,128,127,128,127,128,127,127,127,128,127,128,127,127,127,128,127,127,127,127,127,128,127,127,127,127,127,127,128,127,128,127,128,127,128,128,128,127,128,127,127,127,128,128,127,128,128,127,127,127,127,127,127,128,127,128,128,128,128,127,127,127,128,127,128,128,127,128,128,127,127,127,128,127,128,128,128,128,127,127,127,127,127,128,128,127,128,128,127,128,128,128,127,128,128,127,128,128,128,128,128,127,127,128,127,128,128,127,128,127,127,127,127,128,127,128,127,128,127,127,127,127,128,127,128,127,128,128,128,127,127,127,127,128,128,127,128,127,127,128,127,127,127,127,127,127,127,128,127,128,127,128,127,127,127,127,127,128,128,128,128,128,127,127,127,127,128,127,128,128,127,128,128,128,127,128,128,127,128,127,127,128,127,127,127,128,127,128,128,127,128,127,127,127,127,128,128,127,127,127,127,127,127,127,127,128,127,127,127,127,127,127,127,127,127,127,127,127,127,127,127,127,127,128,127,128,127,127,127,127,128,127,128,127,127,127,127,128,127,128,128,127,127,128,128,127,127,127,127,127,128,128,127,128,128,127,128,127,127,127,127,127,128,128,127,128,128,127,127,128,128,128,128,128,128,128,128,127,127,128,127,127,128,127,127,128,127,127,128,128,127,128,128,127,128,128,128,127,128,128,128,127,128,127,128,128,127,127,128,128,128,129,127,127,127,128,128,127
191,127,127,127,127,127,127,127,127,127,127,127,127,127,127,127,127,127,128,128,127,128,128,127,128,127,134,127,99,186,84,137,166,81,159,157,67,187,137,67,207,106,73,219,77,90,221,45,118,220,21,148,203,11,189,177,11,222,147,17,246,112,33,8,72,60,9,37,94,0,10,131,237,245,171,212,238,209,180,244,243,138,7,11,98,32,19,56,65,18,19,110,232,30,171,145,52,215,122,45,237,60,96,237,28,122,236,7,162,210,247,191,190,245,218,166,251,247,132,10,6,107,28,17,67,56,18,43,127,247,244,160,222,236,189,200,237,218,172,245,240,145,2,0,119,20,11,94,37,15,66,59,17,43,81,12,25,103,4,10,124,249,252,145,236,248,159,223,246,178,205,247,200,181,253,217,155,10,239,118,31,2,79,58,5,51,83,4,26,113,247,7,141,229,248,221,157,5,249,121,22,12,78,50,18,43,80,11,11,123,245,247,166,217,238,205,183,242,235,149,0,1,119,18,14,82,46,15,46,81,7,16,119,245,249,159,221,240,197,190,241,229,155,0,252,119,20,11,79,50,13,48,82,5,25,119,240,11,150,214,12,176,145,34,214,120,60,212,99,84,203,87,105,190,83,123,174,82,136,162,85,143,148,92,149,136,99,151,128,106,151,124,113,148,121,120,144,117,127,141,117,127,137,118,131,133,119,132,131,120,133,129,122,133,127,124,132,127,126,132,127,127,131,126,128,132,124,128,130,126,128,128,127,129,129,126,128,128,128,128,128,128,129,128,128,128,128,127,128,128,127,127,128,127,128,128,127,127,127,127,127,128,127,128,127,128,128,128,128,128,128,128,127,128,127,127,127,127,128,127,128,127,128,127,127,127,128,127,128,127,127,127,128,127,128,127,127,127,128,128,127,128,127,127,127,127,128,127,128,127,128,128,127,128,128,127,127,127,127,128,127,127,128,127,127,127,127,128,127,128,127,128,127,128,128,128,127,128,128,127,128,127,128,127,128,127,128,127,127,128,128,128,127,127,128,128,128,128,127,128,128,128,127,128,128,127,128,128,127,128,128,127,128,127,128,127,128,127,127,127,127,127,128,127,128,128,128,128,128,127,127,128,127,128,127,128,127,127,128,127,128,127,128,128,127,128,128,127,127,128,128,127,128,128,128,128,127,127,128,127,128,127,127,129,128,128,127,127,127,127,127,127,127,128,128,127,128,127,128,127,127,128,128,127,128,127,127,128,127,129,127,128,128,127,128,127,127,128,128,127,127,128,127,127,128,127,129,127,128,128,127,127,128,128,127,128,127,128,128,128,128,127,128,128,127,128,128,128,128,127,128,128,127,129,127,127,129,128,127,130,128,126,131,128,127,131,127,128,131,125,128,132,125,128,131,125,129,130,124,130,128,125,131,127,126,132,127,126,133,126,126,132,127,127,131,125,127,132,125,127,130,126,128,129,126,129,128,127,129,127,127,129,127,128,129,128,128,129,128,127,128,128,127,128,127,127,128,128,127,127,127,128,127,127,127,128,128,127,127,128,128,127,128,127,127,127,128,127,127,127,127,128,128,127,128,127,127,128,127,127,127,128,128,128,128,127,127,127,128,127,128,128,128,128,127,127,128,128,127,128,128,128,128,128,128,127,128,128,127,128,128,127,129,127,127,129,127,127,130,128,128,130,126,128,131,126,127,129,126,128,129,126,128,128,127,128,127,126,130,128,125,130,128,126,130,127,128,130,126,128,130,127,127,130,127,127,128,127,128,129,126,128,128,128,128,127,128,129,128,128,129,128,128,129,128,127,128,127,127,128,128,127,128,128,128,127,128,128,128,128,128,127,128,128,128,127,128,128,128,128,127,127,127,128,128,127,128,128,128,127,127,127,127,128,127,128,128,127,127,127,127,128,128,128,127,127,127,127,127,127,127,127,127,127,128,127,127,127,128,128,127,128,127,128,128,127,127,127,128,128,128,128,127,128,128,128,127,128,128,127,128,128,127,128,128,127,128,128,127,128,129,127,128,129,128,128,129,127,127,130,127,128,130,126,128,129,125,129,130,124,129,129,125,131,127,126,133,126,126,134,124,128,133,123,129,131,122,131,130,122,132,128,122,134,128,123,135,126,124,136,124,126,135,122,128,135,121,128,133,121,130,131,121,133,129,121,133,128,123,133,128,124,134,126,124,134,127,126,132,126,128,131,125,127,132,126,128,131,126,128,129,125,128,130,125,127,130,126,127,130,126,128,129,125,128,130,125,128,130,125,129,129,125,130,129,124,131,128,125,131,128,126,132,127,126,132,126,127,131,126,128,130,124,129,130,125,130,127,125,132,127,125,132,127,127,131,125,127,131,124,130,129,123,131,128,124,132,127,125,134,126,125,133,126,127,132,125,127,132,123,127,132,124,128,130,124,131,129,123,131,129,123,132,127,124,132,127,125,133,127,126,132,126,128,132,124,128,131,124,129,130,124,130,128,125,131,127,126,131,128,127,130,127,127,129,126,128,128,127,129,127,128,130,127,128,129,128,128,129,128,127,128,127,128,128,126,129,128,127,129,128,127,131,127,127,130,127,127,130,125,129,130,124,129,129,125,130,127,125,132,127,126,132,127,127,132,126,127,131,124,127,132,124,128,130,125,130,127,125,132,128,125,132,127,127,132,126,128,132,125,128,131,125,128,129,124,130,129,124,130,128,124,131,128,126,132,126,126,133,126,128,132,125,128,131,124,129,131,124,129,128,125,131,127,124,132,127,125,131,128,127,131,126,128,132,126,128,130,126,128,129,125,130,127,126,130,127,128,129,127,128,130,127,127,130,127,128,128,128,128,128,127,128,129,128,128,128,127,127,127,128,128,127,127,127,127,127,127,128,127,128,127,127,127,127,127,128,127,128,127,128,127,127,128,128,128,128,128,128,127,127,127,127,128,127,128,127,128,128,127,127,127,127,127,127,127,128,128,127,128,128,127,127,128,127,128,128,127,128,128,127,128,128,127,128,128,128,127,129,127,128,127,127,127,127,127,127,128,128,128,129,127,128,128,127,127,128,127,128,128,128,127,127,128,128,127,128,128,127,128,128,127,128,127,127,127,128,128,128,128,128,128,127,127,127,128,128,128,128,127,128,127,127,127,127,128,127,128,127,127,127,127,127,127,127,127,127,127,127,128,127,127,127,127,127,127,127,127,127,128,127,128,127,128,127,127,127,127,128,128,128,128,127,127,127,127,127,127,128,127,127,128,127,128,127,127,127,128,127,127,127,127,127,128,127,128,127,127,127,127,127,128,127,128,127,128,127,127,128,127,128,127,128,127,128,127,128,128,127,128,128,128,127,128,128,127,128,127,127,128,127,127,128,128,128,127,128,127,127,127,128,128,127,128,127,127,127,127,127,128,128,128,128,128,128,127,127,128,127,128,128,127,129,128,128,129,127,128,128,127,127,127,128,128,128,128,127,128,127,127,127,128,128,127,128,128,127,127,127,128,128,128,128,127,127,128,127,128,128,127,128,127,128,127,127,127,128,128,128,127,128,129,128,127,127,128,128,127,127,128,127,127,127,128,127,128,128,127,128,128,127,127,128,128,127,128,128,128,128,128,127,128,128,128,127,128,128,127,128,127,127,127,127,128,127,128,127,127,128,127,128,127,128,127,128,127,127,127,127,127,128,127,127,127,127,127,127,127,127,127,128,127,127,127,127,127,128,127,128,127,128,128,128,128,128,128,128,128,128,128,128,128,127,128,127,127,127,127,129,127,127,128,128,127,127,127,128,127,127,127,128,127,128,128,127,127,127,127,127,127,127,128,128,127,128,127,128,128,127,128,128,128,128,127,128,127,127,127,127,127,128,127,128,128,127,127,127,128,128,128,127,127,128,128,127,127,127,127,127,127,128,127,128,127,128,127,128,127,128,127,127,127,127,128,128,127,127,127,127,127,127,128,127,128,127,128,127,127,127,127,127,128,128,127,128,127,127,127,128,127,128,128,128,128,128,128,128,127,128,127,128,127,128,127,127,127,127,127,127,128,128,127,128,127,127,127,127,128,128,128,128,128,127,127,128,128,128,128,128,128,128,127,127,127,128,128,128,128,127,128,128,127,127,128,128,127,129,128,128,129,128,127,127,128,128,127,127,128,128,127,128,127,128,128,127,128,128,127,128,128,127,127,127,128,128,128,128,127,128,128,127,128,127,127,128,127,128,128,128,128,127,127,127,127,127,127,127,127,128,128,128,128,128,127,128,128,127,128,128,127,128,127,128,127,127,127,127,129,127,127,128,128,127,127,127,127,127,127,127,127,127,127,127,127,127,127,127,127,128,127,128,128,127,128,127,127,127,128,127,127,128,127,128,128,128,127,127,127,127,127,127,128,128,127,127,127,127,127,127,128,128,128,128,127,128,127,127,128,127,128,127,127,127,127,127,127,127,128,127,127,128,128,127,128,127,127,127,128,128,127,128,128,127,127,127,128,127,128,128,127,127,127,127,128,127,128,128,127,128,128,127,127,127,128,127,128,127,127,127,127,127,127,128,127,128,128,127,128,128,127,128,128,128,127,128,127,128,128,127,128,128,128,128,128,128,127,128,128,127,127,128,128,127,128,128,127,128,128,127,127,128,128,128,127,127,128,127,128
191,127,127,127,127,127,127,127,127,127,127,127,127,127,127,127,127,127,127,127,127,129,127,128,128,127,127,141,93,148,144,75,174,129,85,186,109,87,197,79,102,202,55,124,195,40,154,186,32,181,169,34,211,137,38,236,108,54,243,71,79,246,78,68,248,46,97,237,24,130,226,1,167,205,249,203,176,0,236,137,18,1,100,38,13,59,68,13,26,101,2,0,148,202,56,151,141,71,202,113,81,213,52,132,205,26,152,204,9,206,163,9,229,143,13,253,99,39,12,71,58,15,33,94,5,7,126,246,245,160,222,237,193,196,238,221,169,247,245,134,9,7,105,28,17,68,56,18,44,79,14,19,107,5,2,133,242,246,155,226,241,180,206,242,154,226,243,179,206,246,203,177,253,222,149,12,242,114,32,3,74,62,7,39,98,253,13,130,236,251,168,209,247,208,174,252,240,132,15,9,87,43,17,48,75,11,14,120,246,247,166,217,238,206,182,242,239,142,5,5,106,28,14,70,58,12,34,98,253,6,142,229,12,131,236,247,174,207,241,213,173,247,243,133,12,9,90,41,15,50,79,8,20,120,243,3,158,213,0,190,178,11,211,143,33,219,115,60,216,93,87,206,81,111,190,75,129,173,77,143,157,82,152,142,91,155,130,101,156,123,110,153,118,118,149,114,125,144,117,124,143,117,127,138,117,131,134,118,132,131,120,134,128,122,134,128,125,134,126,126,132,126,128,131,126,128,130,126,128,129,127,129,127,127,129,127,127,129,128,127,128,128,127,128,128,127,128,128,127,128,128,128,127,128,128,127,127,127,127,127,127,127,127,128,127,127,128,127,127,127,127,127,127,127,127,128,127,127,127,127,127,127,127,127,127,128,127,127,127,128,127,127,128,127,127,127,127,127,127,127,127,127,127,128,128,127,127,127,127,127,127,128,127,128,127,127,127,127,127,127,127,127,127,127,127,127,127,127,127,127,127,127,127,127,127,127,128,128,127,127,127,127,127,127,127,127,128,127,127,127,127,127,127,127,127,127,128,127,128,128,128,127,127,128,127,128,127,127,127,127,127,127,127,127,127,127,127,127,127,127,127,127,127,127,127,127,127,128,127,127,127,128,128,128,128,127,127,127,127,127,127,127,127,127,127,127,127,127,127,127,127,127,127,127,127,127,127,127,127,127,127,127,127,127,128,127,127,127,127,127,127,127,127,127,127,127,127,127,127,127,127,128,127,127,127,127,127,127,127,128,128,127,128,128,127,127,127,127,127,128,127,128,128,127,127,127,127,128,128,127,128,128,127,128,128,127,127,128,128,127,128,128,127,128,128,127,127,127,127,127,127,128,127,128,127,127,127,128,128,127,128,128,127,127,128,128,127,128,128,127,128,127,127,127,127,128,127,128,127,127,127,127,127,127,127,127,127,127,127,127,127,127,127,127,127,127,128,128,127,128,127,127,127,128,127,127,128,128,127,128,127,127,128,128,127,128,128,127,127,128,128,127,128,128,127,127,127,127,127,127,127,127,127,127,127,128,127,127,127,127,127,127,127,127,128,127,127,127,127,127,127,127,127,127,127,127,127,127,127,127,127,127,127,127,127,127,127,127,127,127,127,127,127,127,128,128,127,128,128,128,128,127,128,127,127,127,127,127,128,127,127,127,127,127,127,128,127,127,127,127,127,127,127,127,127,127,128,127,127,127,127,127,127,128,128,127,128,127,127,127,127,127,127,127,127,127,127,127,128,128,127,127,127,127,127,127,127,127,127,127,128,128,127,128,127,127,127,127,127,127,127,127,127,127,127,127,127,127,127,127,127,127,127,127,127,127,127,127,127,128,127,128,127,127,127,127,127,127,127,128,127,128,127,127,128,127,127,127,127,127,127,127,127,128,127,127,127,127,127,127,127,127,127,127,127,127,127,127,127,127,127,127,127,127,127,127,127,127,127,127,127,127,127,127,127,127,127,128,127,127,128,127,127,127,127,127,127,127,127,127,127,127,127,127,127,127,127,127,127,127,127,127,127,127,127,127,127,127,127,128,127,127,128,127,127,127,127,127,128,128,127,128,127,127,127,127,127,127,127,128,127,128,128,127,128,128,127,127,127,127,127,128,127,127,128,128,127,127,128,127,127,128,127,127,127,127,127,128,127,127,128,128,127,127,127,127,127,127,127,127,127,127,127,128,127,127,127,127,127,127,127,127,127,127,127,127,127,127,127,127,127,127,127,127,127,127,127,127,127,127,127,127,127,127,127,127,127,127,127,127,127,127,127,127,127,127,127,127,127,127,127,127,128,127,128,127,127,127,127,127,127,127,127,127,127,127,127,127,127,127,127,127,127,127,127,127,127,127,127,127,127,127,127,127,127,127,127,127,127,127,127,127,127,127,127,127,127,127,127,127,127,127,127,127,127,127,127,127,127,127,127,127,127,127,127,127,127,127,127,127,127,127,127,127,127,127,127,127,127,127,127,127,127,127,127,127,127,127,127,127,127,127,127,127,127,127,127,127,127,127,127,127,127,127,127,127,127,127,127,127,127,127,127,127,127,127,127,127,127,127,127,127,127,127,127,127,127,127,127,127,127,127,127,127,127,127,127,127,127,127,127,127,127,127,127,127,127,127,127,127,127,127,127,127,127,127,127,127,127,127,127,127,127,127,127,127,127,127,127,127,127,127,127,127,127,127,127,127,127,127,127,127,127,127,127,128,127,127,127,127,127,127,127,127,127,127,127,127,128,127,127,127,127,127,127,127,127,127,127,127,127,127,127,127,127,127,127,127,127,127,127,127,127,127,127,127,127,127,127,127,127,127,127,127,128,127,127,127,127,127,127,128,127,127,127,127,127,127,127,127,127,127,127,127,127,127,127,127,127,127,127,127,127,127,127,127,127,127,127,127,127,127,127,127,127,128,127,127,127,127,127,127,127,127,127,127,127,127,127,127,127,127,128,128,127,128,127,127,128,128,127,128,128,127,128,128,127,127,128,128,127,128,128,127,128,128,127,127,128,128,127,128,128,127,127,128,128,127,128,128,127,128,127,127,128,128,128,128,128,128,127,128,128,127,128,128,127,128,127,127,127,128,128,127,128,128,127,128,127,127,127,128,128,127,128,128,127,127,128,127,127,128,127,127,128,128,127,128,128,127,128,128,127,127,128,127,127,128,127,127,127,127,127,127,127,127,128,127,127,127,127,127,127,127,127,128,127,127,127,127,127,127,127,127,127,128,127,128,127,127,127,127,127,127,127,127,128,127,128,127,127,127,127,128,127,128,128,127,128,128,127,128,128,127,128,128,128,127,128,128,127,127,128,127,128,128,127,128,128,127,127,128,128,127,127,128,127,127,128,127,127,127,127,127,128,128,127,128,127,127,127,127,127,127,128,127,127,127,127,127,127,127,127,127,127,127,127,127,127,128,127,127,127,127,127,127,128,128,127,128,127,127,127,127,127,127,127,127,128,128,127,128,127,127,127,127,127,127,128,127,128,127,127,128,127,127,127,128,127,128,128,127,128,128,127,127,128,127,127,128,127,127,128,127,127,127,127,127,128,127,127,128,128,127,127,128,128,127,128,128,127,128,128,127,128,128,127,128,128,127,128,128,127,127,128,127,127,128,128,127,128,127,127,127,128,127,127,128,127,127,127,127,127,127,127,127,127,127,127,127,127,127,127,127,127,128,127,127,127,127,127,127,127,127,127,127,127,127,127,127,128,127,127,127,127,127,127,127,127,127,127,127,127,127,128,127,128,128,127,127,127,127,127,128,127,127,128,127,127,127,127,127,127,127,127,127,127,127,127,127,127,127,127,127,127,127,127,128,127,127,127,127,127,127,127,127,128,127,127,127,127,127,127,127,127,128,128,127,128,127,127,127,127,127,127,128,127,128,127,127,127,127,127,127,127,127,127,127,127,128,127,127,127,127,127,127,128,127,128,128,127,127,128,128,127,128,129,127,127,129,128,127,129,127,127,130,126,127,129,126,128,128,126,130,128,125,131,127,126,131,128,126,132,126,127,133,125,128,132,124,128,133,123,127,133,122,129,132,122,131,130,122,132,129,122,133,127,123,134,127,124,135,125,125,135,124,127,134,123,127,133,122,129,132,122,130,130,122,132,128,123,133,127,124,133,127,126,133,126,127,132,125,127,131,124,128,130,125,129,129,125,129,128,126,130,127,127,129,128,127,129,128,128,129,127,128,128,128,127,128,128,127,128,128,127,127,128,128,127,128,128,127,127,127,127,127,128,128,127,128,127,127,127,127,128,127,127,127,128,128,127,127,127,128,127,128,128,127,128,128,127,127,128,128,127,128,128,127,128,128,127,128,128,128,128,128,128,128,127,128,127,128,129,127,127,129,127,128,129,128,128,128,127,128,128,127,128,128,128,127,128,128,127,128,128,127,128,128,127,128,128,127,128,128,128,128,128,128,127,128,128,127,127,128,127,127,127,127,127,127,127,127,127,127,127,127,127,127,127,127,127,127,127,127,127,127,127,127,127,127,127,127,127,127,127,127,127,127,127,127,127,127,127,127,127,127,127,127,127,127,127,127,127,127,127,127,127,127,127,127,127,127,127,127,127,127,127,127,128,127,128,128,127,127,127,127,127,127,128,127,128,127,127,127,128,127,127,128
191,127,127,127,127,127,127,127,127,127,127,127,127,127,127,127,127,127,127,127,127,128,128,128,128,127,127,129,126,128,142,88,180,99,109,174,81,131,174,62,160,167,57,162,169,41,190,155,37,216,129,46,234,94,60,244,63,83,243,71,72,0,35,101,249,8,139,230,245,177,206,240,212,177,246,203,186,243,239,147,2,6,109,25,18,68,55,19,30,93,7,38,84,10,7,141,204,72,146,125,114,170,69,167,115,89,206,80,92,225,36,149,225,22,145,214,2,198,171,8,237,127,23,6,68,65,6,24,115,244,252,172,207,246,222,155,246,224,153,7,2,97,38,14,47,80,8,10,130,237,244,185,200,243,229,149,6,5,94,39,5,92,42,15,42,86,5,7,137,232,245,191,191,247,231,144,11,2,98,37,14,55,72,12,19,68,13,22,112,249,0,162,207,0,210,152,17,243,100,47,3,50,90,249,16,145,214,5,199,160,17,206,151,21,244,91,55,2,42,100,246,9,160,210,252,214,159,9,250,99,41,7,43,95,249,38,104,245,4,168,204,250,220,150,12,252,90,51,4,37,111,238,5,170,202,250,220,151,11,251,144,14,0,85,54,5,33,113,240,2,172,202,250,222,146,14,253,87,52,6,36,108,242,6,166,236,5,173,195,3,218,141,24,243,90,63,245,52,110,222,33,153,187,34,184,149,51,198,116,80,191,114,88,189,94,114,176,85,135,158,85,151,140,93,158,126,106,157,114,119,154,107,128,145,108,136,141,110,137,133,113,140,127,119,140,122,125,138,119,128,134,120,131,129,122,134,128,124,134,126,127,132,125,127,132,123,128,130,125,129,128,126,131,127,126,132,127,128,129,127,128,129,125,129,129,125,129,128,127,130,128,127,130,127,127,129,128,127,129,127,128,129,127,127,128,127,127,127,128,128,127,128,127,128,127,128,127,128,127,127,128,127,128,128,128,129,127,128,128,128,128,127,128,127,128,128,128,128,127,127,127,128,128,128,128,128,129,127,128,127,127,128,127,127,128,128,127,127,129,128,128,127,128,129,127,127,128,129,128,127,127,127,129,128,127,128,127,128,127,127,127,127,128,128,128,127,128,128,128,127,128,127,127,128,128,128,128,128,127,128,128,128,127,128,128,128,128,128,128,128,128,127,127,128,127,128,127,128,127,128,128,127,127,127,128,128,128,127,128,128,128,128,127,127,128,127,128,127,129,128,127,129,128,127,127,127,128,128,127,128,129,127,128,127,127,128,127,128,128,128,128,127,128,127,127,128,127,128,128,128,127,129,128,128,127,127,127,127,128,127,129,127,127,129,128,127,127,127,128,128,127,128,129,127,127,128,127,127,127,128,128,127,127,128,128,127,127,128,127,128,128,127,128,128,127,127,128,128,128,127,128,129,127,126,129,127,128,128,128,127,128,127,127,129,128,127,128,127,127,127,128,127,129,127,128,128,127,127,127,127,127,128,127,128,129,127,127,128,127,128,128,127,128,129,128,127,129,128,127,127,128,128,128,127,127,129,128,128,128,127,127,127,128,127,129,128,128,128,127,127,127,127,127,128,128,128,129,127,128,128,127,127,127,128,128,129,127,127,129,128,127,127,127,128,128,127,127,129,127,127,128,127,127,127,127,127,128,128,127,128,127,128,127,127,127,128,127,127,129,128,128,128,127,127,127,127,129,128,126,128,128,128,127,127,127,128,128,128,129,127,128,128,127,127,128,128,128,128,127,128,128,127,127,127,128,127,128,127,128,128,127,128,128,127,127,127,128,127,128,128,128,128,127,127,127,127,127,128,128,128,129,127,128,127,127,127,127,127,127,128,127,128,128,128,128,127,127,127,128,127,128,128,127,127,128,128,128,127,127,127,128,128,128,128,127,128,127,127,127,127,128,127,128,128,128,128,127,127,127,127,127,128,127,128,128,127,128,127,127,127,127,127,127,128,127,128,128,127,127,127,127,127,127,127,127,127,127,127,128,127,127,127,127,127,127,127,127,127,127,127,127,127,127,127,127,127,127,127,127,127,127,127,127,127,127,127,127,127,127,127,127,127,127,127,127,127,127,127,127,127,127,127,128,127,127,127,127,127,127,128,127,128,127,127,128,127,127,127,127,127,127,128,128,127,127,127,127,127,127,127,127,128,127,128,128,127,127,127,127,127,127,127,127,127,128,127,127,127,127,127,127,127,127,127,127,127,127,127,127,127,127,127,127,127,127,127,128,127,127,127,127,127,127,127,127,128,128,127,127,127,127,127,127,128,127,127,127,127,127,127,127,127,127,127,127,127,127,127,127,127,127,127,127,127,127,127,127,127,127,127,127,127,127,127,127,127,127,127,127,127,127,127,127,127,127,127,127,127,127,127,127,127,127,127,127,127,127,127,127,127,127,127,127,127,127,127,127,127,127,127,127,127,127,127,127,127,127,127,127,127,128,128,127,127,127,127,127,127,127,127,128,127,127,127,127,127,127,127,127,127,127,127,127,127,127,127,127,127,127,127,127,127,127,127,127,127,127,127,127,127,127,127,127,127,127,127,127,127,127,127,127,127,127,127,127,127,127,127,127,127,127,127,127,127,127,127,127,127,127,127,127,127,127,127,127,127,127,127,127,127,127,127,127,128,127,127,127,127,127,127,127,128,127,127,127,127,127,127,127,127,128,127,127,127,127,127,127,127,127,127,127,127,127,127,127,127,127,127,127,127,127,127,127,127,127,127,127,127,127,127,127,127,127,127,127,127,127,127,127,128,127,127,127,127,127,127,128,127,127,127,127,127,127,127,127,127,127,127,127,127,128,128,127,127,127,127,127,127,128,127,127,127,127,127,127,127,127,127,127,127,127,127,128,127,127,127,127,127,127,127,127,127,127,127,127,127,127,127,127,127,128,128,127,128,127,127,127,127,127,127,127,127,127,127,127,127,127,127,127,127,127,127,128,128,128,128,127,127,127,128,127,127,127,127,127,127,127,127,127,127,127,128,127,128,128,127,127,127,127,127,128,127,127,128,127,127,127,127,127,127,127,127,128,127,128,128,127,127,127,127,127,128,128,127,127,127,127,127,127,128,127,127,127,127,127,127,127,127,127,127,127,128,127,128,127,127,127,127,127,127,127,127,127,127,128,128,127,128,127,128,127,127,127,127,128,127,128,128,127,128,127,127,127,128,127,128,128,127,128,127,127,128,127,128,127,127,128,128,128,127,128,128,128,127,128,130,128,128,128,128,129,127,127,128,128,128,127,128,127,127,127,127,128,128,128,127,128,127,128,127,127,127,127,128,127,128,128,128,128,127,127,128,127,128,127,128,127,128,128,127,127,127,128,128,127,128,127,128,127,127,127,127,128,127,127,127,128,128,129,127,128,127,127,128,127,128,128,128,127,127,129,127,127,127,128,129,127,126,129,128,127,128,127,127,129,128,127,130,127,127,129,127,128,128,127,127,129,128,128,129,127,128,127,127,128,128,127,127,129,127,127,129,128,128,128,128,127,129,128,127,130,127,128,128,128,128,128,127,128,128,128,127,128,128,128,127,128,129,128,127,128,129,128,128,128,128,128,127,127,129,129,126,127,129,127,128,127,127,129,127,126,128,128,127,128,128,128,129,128,128,129,127,128,128,127,127,128,128,127,128,127,127,128,129,127,127,127,127,128,128,128,129,128,126,128,129,128,128,128,127,129,128,127,129,127,127,128,128,128,128,127,127,129,128,128,128,127,127,127,128,128,128,128,128,129,127,128,127,127,128,127,128,127,129,128,128,129,127,128,127,128,128,128,128,128,129,127,128,127,127,128,128,127,127,128,127,128,128,127,128,127,127,127,129,127,128,130,128,128,128,127,128,128,127,128,129,127,128,130,127,127,127,128,129,128,126,128,128,128,127,128,128,128,127,127,129,127,128,128,127,127,127,128,127,128,127,127,128,129,128,128,128,127,127,128,128,128,128,126,128,128,128,128,128,127,129,128,127,130,127,127,128,127,127,128,127,127,129,127,127,128,128,128,127,127,129,128,127,128,127,128,129,127,127,130,126,127,129,128,127,128,127,128,129,125,128,129,126,129,127,127,130,127,126,131,128,126,130,127,127,130,125,128,130,126,128,130,127,129,128,125,131,128,125,130,128,127,130,127,128,132,125,128,131,126,127,128,127,129,128,125,128,130,126,127,128,128,128,127,128,129,127,127,128,128,128,128,128,127,128,127,128,128,128,128,127,128,127,127,127,128,128,128,127,127,129,127,127,127,127,128,128,127,128,129,127,127,128,127,127,127,128,128,127,127,128,128,127,128,127,127,128,127,128,128,128,128,127,127,127,127,128,127,129,128,128,129,127,128,127,128,128,128,128,128,128,127,128,127,127,128,128,128,128,127,127,127,127,128,127,128,128,128,127,127,128,128,127,128,127,128,127,128,127,128,128,127,127,129,128,128,127,128,127,128,128,128,129,128,128,128,127,127,127,127,127,128,128,127,128,127,127,127,127,128,128,127,127,129,128,127,128,127,128,128,128,129,127,127,127,128,127,127,128,128,128,127,128,128,128,128,127,127,128,128,128,127,128,127,128,127,128,127,127,127,127,128,127,128,128,128,128,127,127,127,128,128,128,128,128,127,128,128,128,127,128,127,128
191,127,127,127,127,127,127,127,127,127,127,127,127,127,127,127,127,127,127,127,127,128,128,128,129,128,128,128,128,127,141,89,167,121,88,173,87,113,182,84,105,195,58,129,190,42,159,181,30,188,167,32,213,136,36,215,146,24,238,118,40,250,78,61,6,42,91,252,16,125,238,24,110,249,0,149,226,241,193,194,240,225,163,250,251,126,16,14,134,10,12,95,35,20,40,95,226,81,128,136,101,173,80,149,139,75,199,117,44,216,100,66,237,60,88,244,23,139,220,0,188,190,251,230,143,13,4,91,43,14,44,41,15,43,84,7,8,135,235,244,189,196,244,232,140,13,5,84,50,13,36,96,0,34,98,253,4,148,224,247,200,178,0,239,124,25,7,71,62,11,29,105,250,2,153,250,1,153,221,246,203,176,0,240,126,22,7,78,54,12,43,87,7,14,126,241,251,124,240,0,170,199,1,215,146,19,246,93,51,5,44,95,249,12,148,214,3,201,161,4,206,153,18,244,93,53,3,43,97,248,10,151,218,251,209,164,8,247,106,37,9,100,39,8,44,93,250,7,152,220,245,207,173,253,245,115,30,6,57,81,252,15,142,249,11,151,216,249,207,170,3,244,114,32,5,57,81,252,15,139,226,249,196,182,248,203,174,2,243,116,30,7,59,77,2,17,134,229,251,190,183,1,233,128,27,0,121,33,253,69,77,248,31,127,222,14,173,182,21,204,137,45,217,101,78,213,76,113,195,79,117,186,70,141,164,72,159,141,84,168,122,99,168,108,116,161,101,129,150,100,140,146,104,139,136,108,144,128,114,145,122,122,142,118,127,138,116,132,133,117,135,128,121,136,127,122,135,126,125,134,124,127,132,123,130,129,124,131,127,126,131,127,127,131,126,127,130,126,127,130,126,128,129,126,129,127,126,129,128,128,129,127,127,129,127,127,128,127,128,127,127,128,128,128,128,127,127,128,127,127,128,128,127,127,127,127,127,127,128,127,128,127,127,127,127,127,127,127,128,127,127,127,128,127,127,128,128,127,128,128,127,127,128,128,127,128,127,128,128,127,127,127,128,127,127,128,127,127,127,127,127,127,128,127,127,127,127,127,128,127,127,127,127,127,127,127,127,128,128,127,127,127,127,127,127,127,127,128,128,127,127,127,127,127,127,127,127,127,127,128,127,127,127,127,127,127,127,127,127,128,127,127,127,127,127,127,127,127,128,127,128,128,127,127,127,127,127,127,127,127,128,127,127,127,127,127,127,127,127,127,127,127,127,128,127,127,127,127,127,127,128,128,127,128,128,127,128,128,127,127,128,128,127,128,128,127,127,127,127,127,128,128,128,128,127,127,127,128,127,127,128,127,127,128,127,127,128,128,127,128,127,127,128,127,127,127,127,127,127,127,127,127,127,128,127,127,127,127,127,127,127,127,127,127,128,127,127,128,127,127,127,127,127,127,128,127,127,128,127,127,127,127,127,128,128,127,128,128,127,128,128,127,128,128,127,127,128,128,127,127,128,127,127,128,127,128,127,127,127,127,127,127,127,127,128,128,127,128,127,127,127,127,127,127,127,127,127,127,127,127,127,127,127,127,127,128,127,127,128,127,127,127,127,127,127,128,127,128,128,127,127,127,127,127,127,127,127,127,127,127,127,127,127,127,127,127,127,127,127,127,127,127,127,127,127,127,128,127,128,128,127,127,127,127,127,128,127,128,128,127,127,127,127,127,127,127,128,127,127,128,127,127,127,127,127,127,127,127,128,127,128,128,127,128,127,127,127,127,128,127,128,128,127,127,127,127,127,127,127,128,128,127,128,127,127,127,127,127,127,128,127,128,127,127,127,127,127,127,127,127,128,128,127,128,127,127,127,127,127,127,127,127,127,127,127,127,127,127,127,127,127,127,127,127,127,127,127,127,127,127,127,127,127,127,127,127,127,127,127,127,127,127,127,127,127,127,127,127,127,127,127,127,127,127,127,127,127,127,127,127,127,127,127,127,127,127,127,127,127,127,127,127,127,127,127,127,127,127,127,127,127,127,127,127,127,127,127,127,127,127,127,127,127,127,127,127,127,127,127,127,127,127,127,127,127,127,127,127,127,127,127,127,127,127,127,127,127,127,127,127,127,127,127,127,127,127,127,127,127,127,127,127,127,127,127,127,127,127,127,127,127,127,127,127,127,127,127,127,127,127,127,127,127,127,127,127,127,127,127,127,127,127,127,127,127,127,127,127,127,127,127,127,127,127,127,127,127,127,127,127,127,127,127,127,127,127,127,127,127,127,127,127,127,127,127,127,127,127,127,127,127,127,127,127,127,127,127,127,127,127,127,127,127,127,127,127,127,127,127,127,127,127,127,127,127,127,127,127,127,127,127,127,127,127,127,127,127,127,127,127,127,127,127,127,127,127,127,127,127,127,127,127,127,127,127,127,127,127,127,127,127,127,127,127,127,127,127,127,127,127,127,127,127,127,127,127,127,127,127,127,127,127,127,127,127,127,127,127,127,127,127,127,127,127,127,127,127,127,127,127,127,127,127,127,127,127,127,127,127,127,127,127,127,127,127,127,127,127,127,127,127,127,127,127,127,127,127,127,127,127,127,127,127,127,127,127,127,127,127,127,127,127,127,127,127,127,127,127,127,127,127,127,127,127,127,127,127,127,127,127,127,127,127,127,127,127,127,127,127,127,127,127,127,127,127,127,127,127,127,127,127,127,127,127,127,127,127,127,127,127,127,127,127,127,127,127,127,127,127,127,127,127,127,127,127,127,127,127,127,127,127,127,127,127,127,127,127,127,127,127,127,127,127,127,127,127,127,127,127,127,127,127,127,127,127,127,127,127,127,127,127,127,127,127,127,127,127,127,127,127,127,127,127,127,127,127,127,127,127,127,127,127,127,127,127,127,127,127,127,127,127,127,127,127,127,127,127,127,127,127,127,127,127,127,127,127,127,127,127,127,127,127,127,127,127,127,127,127,127,127,127,127,127,128,127,127,127,127,127,127,128,127,127,128,127,127,127,127,127,127,127,127,127,127,127,127,127,127,127,127,127,127,127,127,127,127,127,127,127,127,127,127,127,127,127,127,127,127,127,127,127,127,127,127,127,127,127,127,127,127,127,127,127,127,127,127,127,128,127,127,127,127,127,127,127,127,127,127,127,127,127,127,127,127,127,128,127,127,128,127,127,127,127,127,128,128,127,128,127,127,127,127,127,127,127,128,127,127,127,127,127,127,128,127,127,127,127,127,127,127,127,127,127,127,127,127,127,127,127,127,127,127,127,127,127,127,127,128,127,127,127,127,127,127,127,127,127,128,127,127,127,127,127,127,127,127,128,127,127,127,127,127,127,127,127,127,127,127,128,127,127,127,127,127,127,127,128,128,128,127,127,127,127,127,127,128,127,128,128,127,128,127,127,127,128,128,127,128,127,127,128,127,127,127,127,127,127,127,127,127,127,127,127,127,127,127,128,127,128,127,127,127,127,127,127,127,127,128,127,128,128,127,127,128,128,127,127,127,127,127,127,127,127,127,127,127,127,128,127,127,127,128,127,127,127,127,127,127,128,127,128,128,127,128,127,127,127,128,128,127,128,127,128,127,127,127,127,128,127,127,127,127,127,127,127,127,127,127,127,128,127,128,128,128,128,127,127,127,128,127,128,128,127,128,128,127,127,127,127,127,128,127,128,128,127,128,127,127,127,127,128,127,128,127,127,127,127,127,127,127,127,128,127,127,128,127,127,127,127,127,127,127,127,128,127,128,128,127,127,127,127,127,128,127,128,128,127,127,127,127,127,127,127,127,127,127,127,127,127,127,127,127,127,127,127,127,128,127,127,127,127,127,127,127,127,128,128,127,128,127,127,127,127,127,128,128,127,128,127,127,127,127,127,127,127,127,127,128,127,128,127,127,127,127,127,128,128,127,128,128,127,127,127,127,127,128,128,127,128,128,127,127,127,127,127,128,127,128,128,127,128,127,127,127,127,127,127,127,127,127,127,128,127,127,127,127,127,127,128,128,128,128,127,127,127,127,127,128,128,127,128,128,127,127,127,127,127,128,127,127,128,127,127,127,127,127,127,127,127,128,128,127,127,127,127,127,127,128,127,128,127,127,127,127,127,127,128,127,128,128,127,128,127,127,127,127,127,127,127,127,127,127,127,127,127,127,128,127,127,127,127,127,127,128,128,127,128,128,127,128,128,128,127,128,128,127,128,127,127,128,128,127,128,128,127,128,128,128,127,127,128,127,128,128,127,128,128,127,127,127,127,127,128,127,128,127,127,127,127,127,127,127,127,127,127,127,127,127,127,127,127,127,127,128,127,128,128,127,127,127,127,127,127,127,127,127,127,127,127,127,127,127,127,127,127,127,127,127,127,127,127,127,127,127,127,127,127,127,127,127,127,127,127,127,127,127,127,127,127,127,127,127,127,127,127,127,127,128,127,127,127,127,127,127,127,127,127,128,127,127,127,128,127,127,128,127,128,128,127,127,127,127,127,127,127,127,128,127,127,127,127,127,127,128,128,127,127,127,127,127,127,127,127,127,127,127,127,127,127,127,127,127,127,127,127,127,128,127,128,128,127,128,127,127,127,128,127,127,128,127,127,127,127,127,127,128,127,127
191,127,127,127,127,127,127,127,127,127,127,127,127,127,127,127,127,127,127,128,127,129,128,127,128,128,128,141,104,124,171,73,171,130,86,185,112,85,196,81,101,203,55,122,202,36,148,195,27,179,175,25,214,142,15,215,150,23,234,121,35,253,79,58,6,43,91,249,17,126,238,250,161,217,241,203,185,245,239,143,6,8,103,30,18,62,61,18,73,52,20,27,108,223,66,144,133,86,193,95,111,194,51,163,176,26,195,146,33,235,109,44,253,71,66,4,29,106,250,3,144,229,242,193,193,242,223,159,2,2,109,28,15,69,56,18,30,94,6,0,134,241,242,174,211,245,164,218,238,202,187,243,232,149,5,2,107,29,13,74,53,16,41,84,11,16,117,251,0,147,229,247,185,191,253,223,142,17,249,95,47,7,53,83,3,20,123,240,253,164,211,247,210,168,3,244,117,28,10,67,63,9,25,111,247,251,110,248,250,163,216,240,212,174,247,247,126,18,10,76,56,9,33,106,246,3,158,216,245,205,177,249,241,129,17,8,80,52,11,35,99,252,4,150,223,245,198,181,251,233,132,20,253,87,55,0,52,97,237,33,135,208,30,166,200,42,158,171,52,174,143,69,181,122,88,179,108,107,170,100,124,159,97,134,148,100,141,137,106,145,127,113,146,123,119,143,120,126,139,117,129,136,118,132,132,120,133,128,122,135,127,124,134,126,127,133,124,127,132,124,128,131,124,129,129,125,129,129,125,129,129,125,129,127,126,130,128,127,130,128,127,130,128,128,130,127,127,130,126,128,129,127,128,128,127,129,127,127,129,127,127,129,128,128,129,128,127,129,128,127,128,128,128,127,128,128,127,128,128,127,127,128,128,127,128,128,127,128,127,127,127,128,127,128,128,127,127,127,127,127,127,128,127,128,128,127,128,127,127,127,127,128,127,128,127,128,127,127,127,127,128,127,127,128,127,128,127,127,127,127,127,127,127,127,127,127,127,127,127,127,127,127,128,127,127,127,128,127,128,127,127,127,127,127,127,128,128,128,128,127,127,127,127,127,128,128,127,128,128,128,128,127,127,127,127,127,128,128,127,128,127,127,127,127,127,127,128,127,128,128,127,127,127,127,127,127,127,128,128,127,128,127,128,128,127,127,128,128,127,129,128,128,128,128,127,128,128,128,128,127,128,128,127,128,128,127,129,127,126,130,127,127,130,128,127,129,128,127,131,128,127,131,127,128,130,126,128,130,126,128,130,126,128,128,126,130,127,126,130,127,127,129,128,128,130,127,127,129,127,127,128,128,128,127,127,129,127,128,128,127,127,127,128,128,127,128,127,128,128,128,128,127,128,128,127,128,127,127,128,128,127,128,128,128,127,128,128,128,127,128,127,128,128,127,128,128,127,127,128,128,127,128,128,127,127,127,128,127,128,128,127,127,127,127,128,127,128,128,128,128,128,127,127,128,127,128,128,128,128,128,128,127,128,127,128,128,127,128,128,127,128,127,127,129,127,127,129,127,128,128,127,127,129,128,128,129,128,128,128,127,127,128,128,128,128,128,127,128,128,128,127,127,128,127,127,127,127,127,127,127,127,127,127,127,127,128,128,128,128,127,128,127,127,127,128,128,127,129,128,127,128,128,127,128,128,127,128,127,127,129,127,127,128,127,128,129,126,128,129,126,129,128,127,129,127,127,130,128,127,130,128,128,129,127,127,130,126,127,129,127,128,128,127,129,128,126,129,127,127,129,128,128,130,127,128,129,128,127,128,128,128,128,127,128,128,127,128,127,127,128,128,127,128,128,128,128,127,127,128,128,128,128,128,127,128,128,127,127,128,128,127,128,128,127,128,127,127,127,128,127,128,128,127,128,128,127,127,127,128,127,128,128,127,128,127,127,127,127,127,127,127,127,127,127,127,127,127,127,127,127,127,127,127,127,127,127,127,127,127,127,127,127,127,127,127,128,127,127,127,127,127,127,127,127,127,127,127,127,127,127,127,127,127,127,128,127,127,127,127,127,127,127,127,127,127,127,127,127,127,127,127,127,127,127,127,127,127,127,127,127,127,127,127,127,127,127,127,127,128,128,127,128,128,127,128,128,127,128,128,128,128,129,128,128,129,128,127,129,128,127,129,127,127,129,127,128,128,127,128,127,127,129,127,127,129,127,128,129,128,127,129,127,127,129,127,128,128,127,129,128,126,130,127,127,130,128,128,130,127,127,130,126,128,129,126,129,127,126,130,128,127,130,127,128,130,126,127,130,125,129,130,124,130,128,124,131,128,123,133,128,124,135,125,126,136,122,128,136,119,129,135,117,133,132,116,137,129,117,139,127,119,141,122,122,142,119,126,141,116,128,139,114,132,136,113,136,133,114,139,128,116,141,126,118,142,122,122,142,119,126,140,117,128,137,116,132,134,117,131,133,118,134,129,120,136,128,123,136,124,126,135,122,127,133,121,131,130,121,133,127,123,135,126,125,135,124,128,134,122,128,133,122,130,131,122,132,129,122,134,127,123,134,127,124,135,125,126,135,124,127,134,123,127,133,122,129,132,122,130,131,122,129,131,122,131,129,122,132,128,123,133,128,125,133,126,126,133,125,128,132,125,127,131,124,129,130,125,129,128,126,130,127,126,131,128,127,130,127,127,129,126,128,129,126,129,128,127,129,127,127,130,128,128,130,127,127,129,127,128,129,126,128,128,127,128,128,127,129,127,127,129,127,127,129,128,128,129,127,127,129,128,127,128,127,128,128,127,128,128,127,128,128,128,128,127,128,129,128,128,128,128,127,128,128,127,128,128,128,127,128,128,127,128,128,128,128,128,128,127,128,128,127,128,128,128,127,128,128,127,128,128,127,127,128,127,127,128,127,127,128,127,127,128,128,127,128,128,127,127,128,128,127,127,128,127,127,128,127,127,127,128,127,127,127,127,127,127,127,127,127,128,127,128,128,127,127,127,128,128,127,128,127,127,128,128,127,127,128,127,128,128,127,127,127,128,127,128,128,128,128,128,127,128,128,128,128,128,128,128,128,128,127,128,128,128,127,128,128,127,128,128,127,128,128,128,128,128,128,127,128,128,127,128,128,127,127,128,127,127,128,128,127,128,128,127,127,128,127,127,127,128,127,128,128,127,128,128,127,127,127,127,127,128,127,127,127,127,127,127,127,127,127,127,127,127,127,127,127,127,128,127,127,127,127,127,128,127,127,127,128,127,127,127,127,128,128,127,128,127,127,128,127,128,128,127,127,127,127,127,127,127,127,127,127,127,127,128,127,127,127,127,127,127,127,127,128,127,127,127,127,127,127,127,127,127,127,127,128,127,127,127,127,127,127,127,128,128,128,127,127,127,127,128,127,128,127,128,127,128,127,127,127,127,127,127,127,127,128,128,128,128,127,127,127,127,128,127,128,127,128,128,127,127,127,128,127,128,128,127,128,128,127,127,127,128,127,128,128,128,128,127,128,128,128,127,128,128,127,128,127,128,128,127,127,128,128,128,128,128,127,128,127,127,127,128,128,127,128,128,127,127,127,127,127,128,127,127,128,127,127,127,128,127,127,127,127,127,127,127,127,128,128,127,128,127,127,127,128,128,127,128,127,128,128,127,127,127,128,128,127,128,127,127,127,127,127,127,127,127,128,127,128,127,128,128,127,127,127,128,128,127,128,128,128,128,127,127,127,128,127,128,127,128,128,127,128,127,127,128,127,128,127,128,127,127,127,127,127,127,128,128,127,128,127,128,127,127,127,127,128,127,127,127,128,127,127,128,127,127,127,127,127,127,127,127,128,127,127,127,127,127,128,127,127,127,127,128,127,128,127,127,127,127,128,127,128,128,127,128,127,127,127,127,128,127,128,128,127,128,128,127,127,128,128,127,128,128,127,128,127,127,127,128,128,127,128,127,128,128,127,127,127,128,127,128,127,128,128,127,127,127,127,128,127,127,127,127,128,128,127,128,127,127,127,127,127,127,128,128,127,128,127,127,127,127,127,127,128,127,128,127,127,127,127,127,127,128,127,128,128,127,127,127,127,127,127,127,127,128,127,128,128,127,127,127,127,127,127,127,128,128,127,128,127,127,127,127,127,127,128,127,127,127,127,127,127,127,127,127,127,127,128,127,128,127,127,127,127,128,127,128,127,127,128,128,128,127,128,128,127,128,128,127,127,127,127,127,128,128,127,128,127,127,127,127,128,127,127,128,127,127,127,127,128,127,128,128,128,128,127,127,127,128,128,127,128,127,128,128,128,127,128,127,128,128,127,127,128,128,127,127,128,128,128,128,128,128,128,127,127,128,128,127,128,129,127,128,128,127,127,128,128,127,128,128,128,128,128,127,127,128,128,127,128,128,128,128,127,127,127,128,128,127,128,127,127,127,127,128,127,128,128,127,127,127,128,128,127,128,127,128,128,127,127,128,128,127,128,128,127,128,127,127,127,128,128,127,128,128,127,128,127,127,127,127,127,127,128,127,127,127,127,127,127,128,127,128,127,128,128,127,127,127,127,127,128,128,127,128,127,127,127,127,127,127,128,127,128,128,127,128,127,127,127,127,128,127,128,127,127,128,127,127,127,128,128,128,128,127,128,127,127,127,128,128,127,128,127,128,127,127,127,127,127,127,128,128,127
191,127,127,127,127,127,127,127,127,127,127,127,127,127,127,127,127,127,127,127,127,128,127,128,128,128,128,128,128,138,116,107,184,78,159,151,82,178,135,74,196,109,80,211,80,65,222,84,81,230,52,104,230,24,136,214,10,169,197,4,201,174,3,235,135,16,5,99,38,11,61,67,12,27,101,2,0,91,7,6,129,241,242,167,218,236,207,184,242,243,140,5,11,77,57,236,92,112,147,97,172,105,123,167,70,171,154,40,209,110,61,235,67,83,247,30,131,223,3,178,197,248,219,154,9,253,99,39,13,49,79,7,11,128,238,244,184,201,243,229,150,6,2,102,34,16,52,74,13,17,115,250,249,160,219,243,205,175,253,235,130,20,2,86,51,10,44,90,3,15,130,234,0,176,193,3,218,139,25,246,86,61,0,39,106,242,10,163,207,253,215,156,10,251,96,43,8,41,96,249,5,161,210,247,214,163,4,248,110,36,4,54,94,244,14,153,212,252,205,168,4,242,114,35,3,56,85,250,15,142,222,251,197,175,4,237,118,33,0,67,78,248,33,127,219,21,169,178,30,195,138,55,203,108,85,196,89,114,180,82,135,160,84,150,141,94,156,127,106,155,117,119,150,112,127,143,111,134,135,114,138,128,118,139,125,123,138,122,128,135,121,130,132,121,131,129,123,132,128,125,132,127,127,131,127,127,129,126,128,129,127,128,127,128,128,127,127,128,128,127,127,127,128,128,127,128,128,127,128,127,128,127,127,129,127,127,129,127,128,129,128,128,130,127,127,129,127,127,129,127,128,129,126,128,128,127,129,127,127,129,127,128,129,127,128,128,128,127,128,128,127,128,128,127,128,128,128,127,128,128,127,128,128,127,127,127,127,127,127,127,127,127,127,127,127,127,127,127,127,127,127,127,127,127,127,127,127,127,127,127,127,127,127,128,127,127,127,127,127,127,127,127,127,127,127,127,127,127,127,127,127,127,127,127,127,127,127,127,127,127,127,127,127,127,127,127,127,127,127,127,127,127,127,127,127,127,127,127,127,127,127,127,127,127,127,127,127,127,127,127,127,127,127,127,127,127,127,127,127,127,127,127,127,127,127,127,127,127,127,127,127,127,127,127,127,127,127,127,127,127,127,127,127,127,127,127,127,127,127,127,127,127,127,127,127,127,127,127,127,127,127,127,127,127,127,127,127,127,127,128,127,127,127,127,127,127,127,127,127,127,127,127,127,127,127,127,127,127,127,127,127,127,127,128,128,127,128,128,127,127,127,127,127,128,127,127,127,127,127,127,127,127,127,127,127,127,127,127,127,128,127,128,128,127,127,128,128,128,128,127,128,128,128,128,127,127,129,127,127,129,127,128,129,128,128,130,127,128,130,127,127,129,127,128,129,126,129,128,126,129,127,126,130,128,127,130,128,127,130,127,128,130,126,127,130,126,128,129,127,128,128,127,129,127,127,129,127,127,129,127,128,129,128,128,129,128,127,128,128,127,128,128,127,128,128,127,127,128,128,127,128,128,127,128,128,127,127,127,127,127,127,127,127,127,127,127,127,127,127,127,127,127,127,127,127,127,127,127,127,127,127,127,127,127,127,127,127,127,127,127,127,127,127,127,127,127,127,127,127,127,127,127,127,127,127,127,127,127,127,127,127,127,127,127,127,127,127,127,127,127,127,127,127,127,127,127,127,127,128,127,127,127,127,127,127,127,127,127,127,127,127,127,127,127,127,127,127,127,127,127,127,127,127,127,127,127,127,127,127,127,127,127,127,127,127,127,127,127,127,127,127,127,127,127,127,127,127,127,127,127,127,127,127,127,127,127,127,127,127,127,127,127,127,127,127,127,127,127,127,127,127,127,127,127,127,128,127,127,127,127,127,127,127,128,127,127,127,127,127,127,127,127,127,127,127,128,127,127,127,127,127,127,127,127,127,127,127,127,127,127,127,127,127,127,127,127,127,127,127,127,127,127,127,127,127,127,127,127,127,127,127,127,127,127,127,127,127,127,127,127,127,127,127,127,127,127,127,127,127,127,127,127,127,127,127,127,127,127,127,127,127,127,127,127,127,127,127,127,127,127,127,127,127,127,127,127,127,127,127,127,127,127,127,127,127,127,127,127,127,128,127,127,128,128,127,128,128,127,128,128,128,128,128,128,127,128,128,127,128,128,128,128,128,128,128,128,128,128,128,128,127,128,128,127,128,128,127,128,128,127,127,128,128,127,128,128,127,127,128,128,128,127,129,127,128,128,126,129,128,125,131,127,125,133,126,126,135,124,127,136,121,127,136,118,131,134,117,134,132,116,137,129,116,140,127,118,142,123,120,143,120,123,143,117,127,142,114,129,140,113,132,137,112,136,134,112,140,130,113,142,128,115,144,123,119,144,119,123,144,117,127,141,114,130,138,114,134,134,115,137,129,117,139,126,121,140,122,125,138,120,127,136,118,131,132,119,134,129,120,136,127,123,137,124,125,136,122,127,134,120,130,132,120,132,130,121,134,127,122,135,126,124,135,125,126,134,123,127,133,122,129,131,122,131,129,123,132,127,124,133,127,126,133,125,128,132,124,128,130,124,130,128,124,131,128,126,132,126,127,132,125,127,131,124,129,130,124,130,128,125,132,128,126,132,126,127,132,125,127,131,124,129,130,124,130,128,124,132,128,125,132,127,127,132,125,128,132,124,128,130,124,130,129,124,131,127,125,132,127,127,131,126,128,131,125,128,130,125,129,129,125,130,127,126,130,128,127,130,127,128,130,127,127,129,126,128,129,126,129,127,127,129,128,127,129,128,128,129,128,127,128,128,127,128,127,128,128,127,128,127,128,128,128,127,128,128,127,128,128,127,128,128,128,127,128,128,127,128,128,127,127,128,127,127,128,128,127,128,127,127,128,128,128,127,128,127,127,127,128,127,127,128,127,127,127,127,127,127,127,127,127,127,127,127,127,127,127,127,127,127,127,127,127,127,127,127,127,127,127,127,127,127,127,128,127,127,127,127,127,127,127,127,127,127,127,127,127,127,127,127,127,127,128,127,127,127,127,127,127,127,127,128,127,127,127,127,127,127,127,127,127,127,127,127,127,127,127,127,127,127,127,127,127,127,127,127,127,127,127,127,127,127,127,127,127,127,127,127,127,127,127,127,127,127,127,127,127,127,127,127,128,127,127,127,127,127,127,127,128,127,127,127,127,127,127,127,127,127,127,127,127,127,127,127,127,127,127,127,127,127,127,127,127,127,128,127,127,127,127,127,127,127,127,127,127,127,127,127,127,127,127,127,127,127,127,127,127,127,127,127,127,127,127,127,127,127,127,127,127,127,127,127,127,127,127,127,127,127,127,127,127,127,127,127,127,127,127,127,127,127,127,127,127,127,127,127,127,127,127,127,127,127,127,127,127,128,127,128,127,127,127,127,127,127,127,127,127,128,127,127,127,127,127,127,127,127,127,127,127,127,127,127,127,127,127,127,127,127,127,127,127,127,127,127,127,127,127,127,127,127,127,127,127,127,127,127,127,127,127,127,127,127,127,127,127,127,127,127,127,127,127,127,127,127,127,127,127,127,127,127,128,127,127,128,127,127,127,127,127,127,128,127,127,127,127,127,127,127,127,127,128,127,127,128,127,127,128,127,127,128,127,127,128,127,127,127,127,127,127,128,127,128,128,127,127,127,127,127,127,128,127,128,127,127,127,127,127,127,128,127,128,127,127,127,127,127,127,127,127,127,127,127,127,127,127,127,127,127,127,127,127,127,127,128,127,127,128,127,127,127,127,127,127,127,127,127,127,127,127,127,127,127,127,127,127,127,127,127,127,127,127,127,127,127,127,127,127,127,127,127,127,127,127,127,127,127,128,127,128,127,127,127,127,127,127,128,127,127,127,127,127,127,127,127,127,127,127,127,127,127,127,127,127,127,127,127,127,127,127,127,127,127,127,127,127,127,127,127,128,128,127,127,127,127,127,128,127,128,128,127,128,127,127,127,127,127,127,128,127,127,128,127,127,127,128,127,128,128,127,128,128,128,127,128,128,128,128,128,127,128,128,128,127,128,128,127,128,128,127,128,128,128,127,128,128,127,128,128,127,127,128,128,127,128,128,127,128,127,127,128,128,127,128,128,127,128,128,127,127,128,128,127,128,128,127,128,127,127,127,127,127,127,128,127,128,128,127,128,127,127,127,127,127,128,128,127,128,128,127,128,128,128,127,128,128,127,128,128,127,128,128,127,128,128,128,128,128,128,127,128,128,127,128,128,127,128,128,128,127,128,128,127,128,128,127,128,128,127,127,128,128,127,128,128,127,127,127,127,127,127,127,127,127,127,127,127,127,127,127,127,127,127,127,127,127,128,127,128,127,127,127,127,127,127,128,127,127,127,127,127,127,127,128,127,128,127,127,127,127,127,127,127,127,127,127,127,127,127,127,127,127,127,127,127,127,127,127,127,127,127,127,127,127,127,127,127,127,128,127,127,127,127,127,127,128,127,128,128,127,127,128,128,127,128,128,127,128,128,127,127,127,127,127,128,128,127,128,127,127,127,127,127,127,128,127,127,128,127,127,127,127,127,127,127,127,127,127,127,127,127,127,127,127,127,127,127,127,127,127,127,127,127,127,128,128,127,128,127
191,127,127,127,127,127,127,127,127,127,127,127,127,127,127,127,127,127,127,127,128,128,128,129,128,127,128,127,130,137,92,179,99,108,179,78,131,176,59,161,167,54,192,143,44,222,117,55,237,77,73,248,41,101,244,13,137,228,249,174,206,249,160,219,240,202,186,243,238,146,2,5,109,26,17,68,55,19,30,93,7,3,134,238,240,172,214,236,210,181,243,244,120,27,234,100,107,177,71,170,145,60,207,74,104,218,39,131,215,14,224,132,27,250,88,51,5,38,95,253,7,139,231,244,190,195,244,232,146,8,6,93,40,16,44,81,8,8,131,238,243,186,200,243,230,149,6,5,96,38,16,47,78,11,13,122,245,247,166,215,242,210,172,253,245,122,22,11,73,57,14,32,97,3,2,141,232,241,185,201,242,222,159,2,251,110,29,13,62,66,13,24,108,253,3,143,230,249,183,138,19,251,90,50,7,48,89,0,17,130,232,2,179,190,4,226,131,25,0,78,60,7,33,104,248,5,152,219,248,206,169,4,246,109,34,10,54,76,6,14,131,234,247,192,189,248,237,133,17,7,78,54,10,30,111,244,0,170,205,245,219,159,4,250,107,34,8,54,83,253,14,140,227,248,194,186,249,236,134,16,6,78,56,8,30,111,243,0,168,208,3,249,108,33,10,54,79,3,15,133,231,250,187,188,252,230,134,21,253,84,59,1,42,107,237,18,153,203,14,191,161,29,213,122,57,218,90,90,208,70,123,189,63,147,164,67,165,140,79,173,121,96,173,106,114,166,98,128,154,96,141,142,99,148,130,107,151,122,116,149,116,124,145,113,130,139,113,135,132,115,138,127,119,139,124,124,137,121,128,135,121,130,131,122,134,127,125,133,126,127,132,125,128,130,124,129,129,125,130,127,126,131,128,127,130,127,127,129,127,128,128,127,129,127,127,129,128,128,129,128,127,129,128,127,128,128,128,127,128,128,127,128,128,128,127,129,128,127,128,128,127,128,128,128,127,128,128,127,128,128,127,128,128,127,127,128,128,127,128,127,127,127,128,128,127,128,128,127,127,127,127,127,127,127,127,127,127,127,127,127,127,127,127,127,127,127,127,127,127,127,127,127,127,127,127,127,127,127,127,127,127,127,127,127,127,128,127,127,128,127,127,128,128,127,128,128,128,128,128,128,127,128,128,127,128,129,127,128,128,128,128,129,128,127,129,127,127,129,127,128,127,127,129,127,127,129,127,128,129,128,128,129,128,128,129,127,127,129,127,127,128,127,128,128,127,128,128,127,129,127,128,129,127,128,128,128,128,128,128,127,128,128,127,128,128,127,127,127,127,127,128,128,127,127,127,127,127,127,127,127,127,127,127,127,127,127,127,127,127,127,128,127,127,128,127,127,128,127,127,128,128,127,128,128,128,127,128,128,127,128,128,127,128,128,127,128,128,127,127,128,128,127,128,128,127,127,127,127,127,127,127,127,127,127,127,127,127,127,127,127,127,127,127,127,127,127,127,127,127,127,127,127,127,127,127,127,127,127,127,128,127,127,127,127,127,127,127,127,127,127,127,127,127,128,127,127,127,127,127,127,127,127,127,127,127,127,127,127,128,127,127,127,127,127,127,127,127,127,127,127,127,127,127,127,127,127,127,127,127,127,127,127,127,127,127,127,127,127,127,127,127,127,127,127,127,127,127,127,128,127,127,127,127,127,127,127,127,128,128,127,128,127,127,127,128,127,127,128,127,127,127,127,127,127,127,127,127,127,127,127,127,127,127,127,127,127,127,127,127,127,127,127,127,127,127,127,127,127,127,127,127,127,127,127,127,127,127,127,127,127,127,127,127,127,127,127,127,127,127,127,127,127,127,127,127,127,127,127,127,127,127,127,127,127,127,127,127,127,127,127,127,127,127,127,127,127,127,127,127,127,127,127,127,127,127,127,127,127,127,127,127,127,127,127,127,127,127,127,127,127,127,127,127,127,127,127,127,127,127,127,127,127,127,127,127,127,127,127,127,127,127,127,127,127,127,127,127,127,127,127,127,127,127,127,127,127,127,127,127,127,127,127,127,127,127,127,127,127,127,127,127,127,127,127,127,127,127,127,127,127,127,127,127,127,127,127,127,127,128,127,127,128,128,127,128,128,127,128,128,128,128,129,128,127,128,128,127,128,127,128,128,127,129,127,127,129,127,127,129,128,128,129,128,128,129,127,127,129,127,127,129,127,128,128,127,128,127,128,129,127,128,128,127,127,127,127,127,127,127,127,128,129,128,128,130,127,128,130,126,127,131,125,128,131,124,129,131,123,130,130,122,132,128,122,133,127,123,134,127,124,134,126,125,134,125,127,134,124,128,133,123,127,132,124,128,131,124,129,130,124,129,130,124,129,129,125,129,128,125,129,128,125,129,128,125,129,127,126,131,127,125,131,128,125,132,128,126,132,127,126,133,125,128,133,124,127,132,124,129,130,123,130,129,124,131,127,125,132,127,126,132,126,128,131,126,128,129,126,129,128,126,130,127,127,130,128,128,129,127,127,129,127,128,128,127,129,127,127,129,127,128,129,128,127,129,128,127,128,128,128,127,128,128,127,128,128,128,127,128,128,128,127,128,128,127,128,128,128,127,128,128,128,127,128,128,127,128,129,128,127,129,127,127,128,127,128,128,127,129,127,127,129,128,127,130,128,128,130,127,127,129,126,128,129,126,129,128,126,129,127,126,130,127,127,130,128,128,130,127,128,130,127,127,129,127,128,129,127,128,128,127,129,127,127,129,127,128,129,127,128,128,128,127,128,128,127,128,128,127,128,128,127,127,128,127,127,127,127,127,127,127,127,127,127,127,128,127,127,128,127,127,128,127,127,128,127,127,127,127,127,127,127,127,127,127,127,127,127,127,127,127,127,127,128,127,128,128,127,127,127,127,127,128,127,127,127,127,127,127,127,127,127,127,127,127,127,127,127,127,127,127,127,127,127,127,127,127,127,127,127,127,127,127,127,127,127,127,128,127,127,127,128,127,127,128,128,127,128,127,127,128,128,127,127,128,128,127,128,128,127,128,128,127,127,128,127,127,128,128,127,128,128,127,128,128,127,128,128,127,127,127,127,127,127,127,127,127,127,127,127,127,127,127,127,127,127,127,127,127,127,127,127,127,127,127,127,127,127,127,127,127,127,128,127,128,127,127,127,127,127,127,128,128,127,128,127,127,127,128,127,127,128,127,127,127,127,127,128,128,127,128,128,127,127,127,128,127,127,128,127,127,128,127,127,128,128,127,128,128,127,127,128,128,127,128,129,128,128,128,128,127,129,127,127,128,127,128,128,127,129,128,127,129,127,127,129,127,127,129,128,128,129,128,128,129,127,127,129,127,128,128,127,128,128,127,128,128,127,129,127,128,129,128,128,129,128,128,129,127,127,128,127,128,128,127,128,127,127,129,127,128,129,128,128,129,128,127,129,127,128,127,127,129,127,128,129,128,128,130,128,128,129,127,127,129,127,128,129,126,128,128,127,129,128,127,129,127,127,129,128,128,129,128,128,129,128,127,129,128,127,128,128,128,127,128,128,127,128,128,127,127,127,128,127,127,127,128,127,127,128,128,127,128,128,128,127,128,128,127,128,129,128,128,129,128,127,129,127,128,128,127,128,128,127,129,127,127,129,128,127,129,128,128,129,127,127,129,127,127,129,127,128,128,127,129,127,127,129,127,128,129,128,128,129,127,127,129,127,127,128,127,128,128,127,129,127,127,129,127,128,129,128,128,129,128,127,129,128,127,128,127,128,128,127,128,127,128,128,127,128,128,128,128,128,128,127,128,128,128,127,128,128,127,128,128,127,127,128,127,127,128,128,127,128,128,127,127,128,127,128,128,127,127,127,127,127,128,128,127,128,128,127,128,128,127,127,128,127,127,128,127,127,128,127,127,128,128,127,128,128,127,128,128,127,127,128,127,127,128,128,127,127,127,127,127,127,127,128,127,128,128,127,127,127,127,127,127,128,127,127,127,127,127,127,127,127,127,127,127,127,127,127,127,127,127,127,127,127,128,127,127,127,127,127,127,127,127,127,127,127,127,127,127,127,127,127,127,127,127,127,127,127,127,127,127,128,128,127,127,127,127,127,128,128,127,128,128,127,127,128,128,127,128,128,127,127,128,127,127,128,128,127,128,128,127,128,128,127,128,128,128,127,128,128,127,128,128,127,128,128,128,128,128,128,128,128,128,127,128,128,127,128,128,127,128,128,128,127,128,128,127,128,128,127,128,128,128,128,129,128,127,129,128,127,128,127,128,128,127,128,127,128,128,127,128,128,128,128,129,128,127,128,128,128,128,127,128,127,128,128,127,128,129,128,127,129,128,127,128,128,127,128,128,128,128,128,128,127,128,128,128,128,128,128,127,128,128,127,128,128,128,128,128,128,127,128,128,127,128,128,128,127,128,128,127,128,128,128,128,128,128,127,128,128,127,128,128,128,127,128,128,127,127,128,128,127,128,128,127,127,128,127,127,128,128,127,127,128,127,127,127,128,127,128,128,128,127,128,128,128,127,128,128,127,128,128,127,128,128,128,128,129,128,128,128,128,127,128,128,127,128,128,127,128,128,128,127,128,128,127,128,128,127,128,128,128,128,128
