191,127,127,127,127,127,127,127,127,127,127,127,127,127,127,127,127,127,127,129,127,127,131,127,127,127,129,137,117,107,183,79,154,160,76,176,144,67,195,113,76,212,83,88,217,53,114,219,49,106,231,21,141,215,5,182,190,253,215,163,3,244,128,19,10,83,46,17,46,77,11,14,115,252,247,153,227,237,199,191,239,235,152,237,225,165,248,251,127,14,15,67,63,237,70,132,173,55,184,140,53,217,74,91,234,48,109,232,12,157,209,252,190,189,250,231,149,5,252,118,23,14,74,52,18,40,83,11,9,122,248,246,157,224,237,199,191,240,229,160,250,253,124,16,13,84,44,19,50,73,15,20,105,6,1,134,241,243,166,219,239,193,194,243,221,165,251,240,135,13,253,105,33,9,76,54,10,51,79,8,26,110,251,6,143,229,252,134,234,0,163,213,251,195,177,5,228,132,23,251,94,45,9,53,77,8,19,119,244,250,162,217,240,211,176,247,247,127,14,12,86,44,15,43,85,5,11,130,237,247,176,207,241,214,172,246,245,132,11,10,89,41,15,48,79,8,13,126,241,247,168,213,240,211,175,248,242,131,14,7,89,43,13,49,83,4,22,122,237,11,160,202,9,192,170,22,205,134,49,214,107,70,211,91,97,196,80,120,183,77,133,166,81,146,149,85,155,139,92,156,128,103,155,121,111,154,118,118,148,115,126,145,118,126,140,117,127,139,118,128,134,119,132,131,121,131,129,123,132,127,125,131,128,126,131,128,126,132,128,126,130,127,128,131,125,127,131,127,128,128,127,129,128,128,127,128,128,127,127,128,127,127,128,127,128,127,127,127,128,127,127,128,127,127,129,127,127,127,127,128,128,127,126,128,131,126,127,130,127,128,129,127,128,127,128,128,127,128,127,127,130,128,126,129,127,127,131,127,126,129,129,128,127,127,129,128,126,127,130,127,128,129,127,127,131,126,127,130,128,127,127,127,128,127,128,127,128,129,127,127,129,128,128,127,127,127,128,127,128,128,128,128,128,127,127,127,128,128,127,128,128,128,129,127,126,130,128,127,130,127,128,127,127,127,128,127,127,128,128,129,129,127,128,129,128,128,127,127,128,128,128,127,127,127,128,128,128,128,129,128,128,129,128,127,127,128,128,128,127,128,127,127,128,127,127,127,128,128,128,127,127,127,128,130,128,128,128,127,129,128,127,128,128,128,127,127,128,130,127,127,128,128,128,129,126,128,131,128,128,128,128,128,128,127,127,130,128,128,127,128,128,128,127,128,127,128,128,127,128,128,128,127,128,127,127,128,128,128,128,127,127,127,127,127,129,128,128,129,127,127,128,128,127,127,128,128,127,127,127,127,128,128,128,128,127,127,128,130,128,127,128,127,127,127,127,127,128,127,127,128,128,128,127,128,127,128,128,127,127,128,127,127,128,128,128,129,127,128,128,128,127,127,128,128,129,127,127,128,129,128,128,128,127,129,128,128,128,127,127,128,127,127,128,127,127,129,128,128,127,129,129,128,127,128,127,129,127,127,127,129,128,128,129,128,128,128,128,128,127,127,130,128,127,130,128,127,128,129,126,127,128,128,128,128,127,128,129,127,128,128,127,127,127,128,127,127,128,127,127,127,127,127,128,128,128,129,127,128,128,127,129,127,126,129,128,127,128,128,128,129,128,128,129,128,127,127,128,128,128,127,127,127,128,129,128,127,128,129,127,127,128,127,130,127,125,130,129,125,129,129,125,130,128,125,131,127,126,131,127,127,132,128,126,131,127,127,128,128,127,129,127,128,129,127,128,129,125,128,130,125,127,130,126,129,128,127,132,127,125,131,127,127,131,126,126,132,127,128,130,126,127,131,126,127,132,127,128,129,128,127,129,128,128,128,127,128,128,128,129,127,128,128,128,129,128,127,129,129,125,127,129,128,127,127,128,129,127,127,128,129,128,128,129,127,127,127,127,127,128,128,127,128,127,128,127,127,129,128,127,128,127,127,127,127,128,128,127,127,128,127,128,128,127,127,127,128,128,127,128,128,127,128,128,128,129,128,128,129,127,128,127,128,127,127,127,127,128,130,126,128,129,127,128,127,128,128,128,128,127,127,129,128,128,129,128,128,128,128,127,128,128,128,128,128,127,128,127,128,127,128,128,127,127,128,128,128,128,127,128,127,128,128,127,128,127,128,127,127,129,127,127,129,128,128,128,128,128,128,128,128,127,128,128,127,129,128,127,130,128,127,127,129,127,127,129,128,128,127,127,127,127,128,128,127,127,129,128,128,127,127,128,128,127,128,128,127,129,127,127,128,129,128,127,128,127,127,127,130,128,127,128,128,128,127,127,127,128,128,128,129,128,128,128,128,128,127,128,127,128,127,127,127,127,127,127,128,127,129,127,127,127,129,127,128,127,130,129,126,127,129,128,127,127,128,128,127,131,127,126,128,128,128,128,127,127,128,127,127,128,127,128,127,127,127,128,128,128,128,127,130,128,128,128,127,127,128,127,128,128,128,128,129,127,128,129,126,127,128,127,127,128,128,129,128,128,128,128,128,127,128,127,127,128,128,127,128,128,127,128,128,127,127,127,127,127,129,127,128,129,127,128,128,128,127,130,127,126,128,128,128,127,127,128,128,128,128,127,127,128,127,128,127,127,129,127,128,128,127,128,127,127,127,127,127,128,127,127,127,128,128,128,129,127,128,128,128,127,127,127,128,127,127,129,126,128,127,127,128,127,128,127,129,126,128,130,127,127,129,126,128,130,127,127,130,126,127,130,128,127,127,128,128,128,128,128,128,127,127,128,128,128,128,128,127,128,128,128,128,127,128,127,128,129,128,127,128,128,128,128,129,127,128,127,128,128,128,128,128,128,127,128,128,127,128,128,128,128,127,127,127,128,128,128,127,127,128,129,128,128,129,128,127,127,128,127,128,127,128,128,128,128,128,129,128,126,128,127,127,128,127,126,127,130,128,128,128,127,127,127,127,127,127,128,127,129,127,127,127,128,127,127,128,127,127,127,127,128,127,129,127,127,129,127,127,128,128,127,128,127,127,128,127,128,127,128,128,128,128,128,130,128,127,128,128,127,128,128,129,127,128,127,128,128,128,128,128,127,127,127,127,129,126,128,129,128,128,127,127,128,127,128,127,127,127,127,127,127,128,127,128,127,128,128,128,127,128,128,127,127,128,129,127,127,129,128,127,127,128,127,128,127,127,128,127,128,128,128,127,128,127,126,130,127,128,127,128,129,128,128,128,128,127,127,127,128,127,128,129,126,127,130,128,128,128,127,129,127,128,128,128,129,127,127,128,127,128,128,127,128,129,128,127,128,127,128,127,127,127,127,128,127,128,127,129,128,127,128,129,127,128,128,128,128,128,128,128,127,129,127,128,128,128,127,127,128,128,128,128,128,130,128,128,128,128,128,128,128,128,127,128,130,128,127,127,129,127,128,127,127,128,127,127,127,130,128,127,127,129,127,128,127,128,127,127,127,127,127,127,127,128,127,128,127,127,127,127,128,128,129,128,127,130,128,126,129,127,128,128,128,127,128,128,128,128,128,129,127,127,127,127,127,128,127,127,129,128,127,127,128,127,127,127,127,127,128,128,128,128,127,128,128,128,128,127,127,130,127,128,128,128,127,127,127,129,127,128,128,127,128,127,127,127,128,128,128,128,128,128,128,128,127,127,128,128,128,127,128,130,128,127,128,129,127,127,129,128,128,128,127,129,127,128,129,127,127,128,127,128,129,127,127,128,128,127,127,128,128,129,129,127,128,130,127,128,128,128,128,128,128,129,128,128,127,128,129,128,128,128,128,128,127,128,128,128,127,128,128,127,128,127,127,128,127,128,128,128,128,127,128,128,127,128,128,127,127,128,128,128,127,127,127,127,127,128,128,129,128,128,128,128,128,128,127,127,128,128,127,128,130,128,127,128,128,128,128,127,127,127,129,127,128,127,128,128,127,128,127,128,127,128,127,128,127,128,127,128,129,128,127,128,129,127,128,128,128,128,127,128,127,127,129,127,126,128,130,128,127,127,129,128,127,128,127,127,127,127,127,128,129,127,127,128,128,127,127,128,127,128,128,128,127,127,128,128,127,127,128,127,128,128,127,128,127,128,129,128,128,127,127,128,128,128,128,127,127,128,128,127,127,128,129,127,128,127,128,128,127,127,128,127,128,128,128,128,127,128,127,127,127,127,129,127,127,128,128,127,127,130,128,128,128,127,127,127,128,129,127,128,127,128,128,128,128,127,127,127,127,127,127,128,128,127,128,127,128,128,128,127,129,127,127,128,127,127,127,128,128,127,127,128,128,128,129,128,128,127,128,127,128,127,128,128,128,127,127,128,129,127,128,128,128,128,128,128,128,127,127,127,128,129,127,128,127,128,128,127,127,130,127,128,129,127,128,130,128,127,129,127,127,128,128,128,128,129,127,128,127,128,128,127,128,127,127,128,128,128,128,127,128,127,127,128,127,127,129,128,127,127,128,127,127,128,128,128,128,128,128,128,127,129,128,126,127,129,128,127,127,128,128,128,128,127,127,129,128,127,127,129,127,127,128,130,127,127,128,127,128,128,127,128,128,128,128,128,127,128,127,128,128,128,128,128,127,128,128,128,128,127
191,127,127,127,127,127,127,127,127,127,127,127,127,127,127,127,127,127,127,128,127,128,129,127,129,127,127,144,92,146,146,74,172,109,84,185,114,83,197,84,97,205,56,118,206,37,144,199,25,138,208,17,177,184,10,206,163,15,231,128,26,1,85,50,3,97,40,13,59,68,14,26,101,2,253,144,231,240,190,236,242,172,213,237,210,181,244,243,136,10,12,73,61,235,80,123,149,86,165,131,87,193,67,131,193,33,173,173,25,221,133,28,246,91,52,3,40,95,8,41,92,0,7,138,231,244,189,195,244,232,146,8,6,93,40,16,44,82,16,45,81,8,9,131,237,244,185,200,243,229,150,6,3,99,36,15,54,73,12,59,69,13,22,111,250,252,157,219,244,202,179,251,232,142,12,0,100,37,13,56,32,12,62,67,12,26,107,251,4,153,215,0,203,160,14,239,106,44,1,58,47,0,56,86,251,22,132,226,3,188,182,5,231,128,25,2,75,61,5,28,114,6,24,119,240,252,178,199,247,225,150,9,0,97,42,8,46,96,247,10,155,242,8,162,207,250,211,163,5,245,112,33,5,57,80,253,17,135,228,249,190,188,249,195,182,253,237,128,23,5,72,65,4,28,118,238,4,170,198,1,213,148,20,214,146,23,232,105,60,232,71,97,216,56,132,188,54,160,158,61,177,134,77,180,115,86,172,115,105,168,103,121,159,100,133,146,101,142,136,106,146,127,113,148,121,120,144,123,122,140,118,128,138,117,130,133,120,134,128,120,135,127,123,133,125,128,134,125,125,134,125,128,132,124,128,130,124,129,129,125,129,128,125,130,128,126,131,128,126,130,127,127,129,128,128,130,128,128,128,127,128,127,127,129,127,126,129,127,127,130,127,126,128,127,127,129,127,127,131,128,128,130,126,129,129,124,130,130,124,129,129,127,129,128,128,131,126,127,131,128,128,127,125,131,127,126,130,127,128,130,125,127,131,126,128,130,126,127,129,127,128,129,125,128,129,128,127,128,127,129,128,127,128,128,127,127,127,127,127,128,127,127,128,129,127,128,128,127,127,129,128,127,129,128,128,128,128,129,129,127,128,127,127,128,128,127,128,129,128,127,128,127,128,127,127,128,127,128,129,128,126,130,127,128,129,127,128,129,126,129,127,125,131,128,126,129,128,128,127,128,128,129,127,128,129,127,128,127,126,129,129,126,127,130,127,128,127,127,128,128,128,128,128,127,128,128,128,128,127,127,128,127,127,129,127,127,130,127,127,130,128,128,129,128,127,129,127,128,128,127,128,127,128,130,127,128,127,128,129,127,127,128,128,127,130,127,128,130,126,128,130,125,130,129,124,130,128,125,130,127,126,131,128,127,130,128,127,131,126,127,132,125,128,131,126,128,130,127,127,128,126,129,128,126,128,128,128,128,127,127,129,128,127,128,128,128,129,128,127,130,128,127,129,125,129,130,125,128,130,126,129,128,125,130,129,127,128,128,127,129,128,128,127,128,128,128,128,128,127,128,128,127,128,128,127,128,128,128,128,128,128,127,127,127,127,127,127,128,127,128,127,128,127,128,128,127,127,128,128,127,128,127,128,128,127,128,128,128,128,128,128,129,127,128,128,128,128,129,128,128,129,127,128,128,127,129,128,128,130,126,127,130,126,127,129,128,128,128,127,127,127,128,127,128,128,128,127,128,128,128,128,128,128,129,128,127,127,129,127,127,129,127,127,129,127,128,128,128,129,127,128,129,128,127,127,127,128,128,128,128,127,128,128,127,127,128,127,127,128,127,129,128,128,127,127,127,127,128,127,128,129,127,127,129,128,128,128,128,130,128,128,129,128,127,128,127,127,130,127,128,129,127,127,127,127,127,127,127,128,127,128,128,127,128,127,127,128,127,128,128,127,128,128,127,127,129,127,128,129,127,128,128,128,128,128,127,128,128,128,129,127,128,127,128,128,128,127,127,127,128,128,128,128,128,128,127,128,127,127,128,128,127,127,130,127,128,129,127,128,129,127,128,129,128,128,128,128,127,127,127,128,127,128,129,128,127,127,128,127,127,128,128,128,128,128,128,127,128,127,128,127,127,127,127,127,128,127,128,128,127,128,128,127,128,128,127,128,127,127,127,127,128,127,128,127,128,128,128,128,127,128,128,127,128,128,127,128,127,127,128,127,127,127,127,127,128,128,127,128,128,128,128,127,127,127,128,128,127,128,129,128,128,130,127,127,130,127,127,129,127,128,128,126,129,127,127,129,127,126,129,128,127,128,128,127,128,128,127,127,129,128,128,128,127,128,128,127,130,129,126,128,128,128,128,128,127,128,128,128,127,127,128,127,127,127,129,128,127,128,128,127,128,128,127,127,127,127,128,128,128,127,128,128,128,128,127,128,129,127,128,128,127,127,127,128,128,128,127,129,126,127,129,128,128,127,127,130,128,126,129,127,127,130,128,127,128,127,128,129,127,127,128,129,128,128,127,127,130,128,127,129,127,128,128,128,128,128,126,128,129,127,127,127,128,128,127,128,127,128,127,128,127,127,127,128,128,128,128,128,127,128,127,129,127,128,128,127,128,127,127,127,130,128,127,129,127,128,128,128,127,130,127,127,128,128,129,127,127,129,128,127,128,128,128,129,126,128,129,127,128,128,127,129,127,127,130,127,128,130,128,127,127,128,127,127,127,128,128,129,126,128,130,128,127,128,127,129,129,126,127,128,128,129,128,128,128,128,127,128,127,128,129,128,126,129,127,127,129,126,127,131,127,128,129,127,128,128,126,129,128,126,129,128,127,129,128,128,130,128,127,130,127,128,130,125,127,131,126,127,128,128,129,127,127,129,127,127,128,127,127,128,127,127,129,127,127,128,127,129,127,126,130,127,127,130,127,128,131,127,127,129,128,127,128,128,128,128,128,130,128,127,127,128,128,128,127,129,128,127,128,127,127,129,127,127,129,127,128,128,128,129,127,126,129,128,126,129,127,128,129,128,127,129,127,127,129,127,127,129,127,127,128,127,129,127,127,129,127,127,128,127,128,128,127,127,128,128,128,129,128,128,127,127,127,127,127,127,128,127,128,127,127,127,127,128,128,128,128,128,127,128,127,127,128,127,128,129,126,127,129,127,127,128,128,127,127,127,128,128,128,129,127,128,129,127,127,127,127,128,128,128,127,128,128,128,127,129,127,128,128,127,127,127,127,127,128,127,128,127,127,127,128,127,127,129,128,127,127,128,128,128,127,127,128,128,127,128,128,128,127,129,128,127,127,128,129,128,128,129,127,127,128,127,128,127,127,129,127,126,129,128,127,129,127,127,129,128,127,129,127,128,128,126,128,129,126,127,130,127,127,129,127,128,127,127,129,128,127,127,127,127,128,127,128,128,127,128,127,128,128,127,127,128,128,127,128,128,129,128,126,129,129,127,127,127,127,129,128,128,128,127,127,127,127,127,127,127,128,128,127,128,128,128,129,127,128,127,128,128,128,128,127,127,128,129,127,127,128,127,128,128,128,127,128,128,127,127,128,128,127,128,129,128,127,129,127,127,128,126,128,130,126,128,128,126,130,127,126,130,127,127,129,128,128,127,127,128,127,128,128,128,128,129,127,128,128,127,127,130,127,128,128,128,128,128,127,129,129,128,128,127,128,128,127,127,127,128,128,127,129,128,127,129,128,128,128,128,128,129,127,127,129,128,127,127,127,128,129,128,127,127,127,128,128,127,128,128,128,127,128,128,127,127,127,127,127,127,127,127,127,128,128,128,128,128,127,127,127,127,128,128,127,127,130,128,128,129,128,127,127,127,129,128,126,131,128,126,130,128,128,129,127,128,128,127,127,128,128,127,128,127,128,127,129,128,126,127,129,128,128,128,127,130,127,126,129,128,127,129,127,127,129,128,127,129,126,128,129,126,129,129,127,128,127,128,129,128,128,127,127,127,128,128,127,128,128,129,128,128,130,128,127,129,128,127,128,127,129,128,128,128,128,128,128,128,127,127,129,128,127,129,127,127,127,127,128,127,126,129,128,128,127,127,128,128,127,128,128,128,128,127,128,128,127,127,128,127,128,128,128,127,128,128,127,128,128,127,128,128,128,128,128,127,128,128,128,128,128,128,127,128,128,128,130,128,125,129,128,127,128,127,127,129,127,127,128,128,127,127,127,128,129,128,128,127,127,128,128,128,127,128,127,127,127,127,130,128,127,128,128,128,128,128,129,128,128,129,128,127,130,127,128,130,127,128,130,128,127,127,127,129,128,127,127,127,128,129,128,126,128,129,128,128,128,128,130,128,127,131,128,127,131,127,128,129,127,128,128,126,128,128,126,129,127,127,130,128,126,131,127,126,129,128,128,129,126,127,129,126,129,129,126,128,128,127,128,127,128,128,128,127,129,128,127,128,128,131,127,127,130,128,128,129,126,127,130,126,128,130,128,128,128,127,128,129,127,127,128,128,128,128,127,129,128,127,129,128,127,129,127,127,129,128,128,127,127,131,127,125,129,127,127,129,126,127,129,128,127,127,127,130,127,127,129,127,128,128,127,127,129,128,128,127,126,131,129,124,129,129,126,128,127,128,130,127,127,131,128,127,130,127,127,130,125,127,129,128,127,128,127,127,130,127,127,129,127,128,128
191,127,127,127,127,127,127,127,127,127,127,127,127,127,127,127,127,127,128,127,130,128,124,129,131,128,127,134,96,178,96,114,172,80,134,172,61,163,164,58,190,139,54,217,114,62,228,77,85,233,45,109,224,24,144,207,12,183,185,5,214,157,12,240,125,28,3,84,56,6,48,84,0,18,121,239,0,157,214,248,198,184,248,233,148,4,2,111,28,14,63,68,246,56,139,177,46,187,156,27,221,107,57,243,76,70,252,48,90,251,17,122,243,3,140,233,245,174,209,240,193,193,241,221,116,22,11,92,38,18,59,64,17,38,84,13,15,112,3,4,129,244,245,155,227,240,172,214,240,195,192,241,211,175,247,223,158,2,234,142,9,244,124,22,251,108,33,253,87,50,5,61,72,3,45,132,237,2,158,217,250,184,194,253,207,165,8,233,133,20,0,97,41,12,62,65,14,30,96,4,6,131,240,244,165,218,238,198,192,238,229,159,247,252,128,12,11,97,32,15,66,60,13,37,144,229,245,179,205,240,211,176,244,236,146,4,3,113,23,12,79,50,15,45,82,8,23,115,246,8,143,223,6,174,195,11,191,165,28,205,139,44,204,121,68,205,104,81,196,99,103,183,82,134,159,85,147,148,91,148,135,99,153,128,107,153,120,110,156,123,113,147,119,121,147,118,122,144,117,125,144,118,128,139,114,128,140,119,129,132,117,134,135,120,130,129,123,133,128,127,135,120,127,135,126,130,128,120,131,130,128,130,124,127,133,120,129,136,122,128,129,123,135,131,119,129,129,124,135,127,120,133,127,123,133,127,126,131,122,127,135,125,127,128,125,130,128,127,130,124,127,130,127,129,128,125,128,128,129,129,124,128,131,127,129,129,125,128,128,128,134,125,126,134,122,128,139,121,125,136,120,128,137,120,127,132,119,134,135,118,128,131,122,133,132,119,130,130,118,134,133,120,129,129,123,131,132,124,128,127,128,130,129,125,127,129,128,128,128,128,127,125,128,130,128,129,123,126,136,125,125,135,124,125,132,126,130,132,120,127,133,128,127,128,127,127,127,130,129,128,126,126,132,130,124,129,128,125,130,128,127,132,127,123,129,130,128,127,124,127,132,129,127,127,128,128,127,129,128,127,129,126,127,134,128,124,131,128,126,132,127,126,127,127,130,129,126,128,128,125,130,130,126,128,127,126,134,127,124,132,126,126,133,128,128,131,124,126,132,129,127,127,127,129,128,128,129,126,127,127,129,131,126,126,130,127,127,133,128,124,128,127,128,131,127,124,128,130,128,129,130,123,127,131,127,128,127,126,129,127,126,132,129,123,127,129,128,131,127,124,129,127,128,131,128,124,129,130,126,128,131,124,127,132,126,129,130,123,129,128,127,132,127,123,128,129,128,129,125,127,129,127,128,128,126,128,129,127,128,127,128,127,128,128,129,127,128,128,128,129,128,127,127,127,128,129,129,127,128,125,127,132,127,125,130,127,123,132,133,123,128,129,126,130,130,123,129,129,123,131,130,126,131,124,125,137,128,125,131,124,128,135,126,128,130,124,127,132,128,128,127,126,130,128,127,130,128,124,131,129,126,131,128,122,131,132,126,127,128,127,130,128,127,127,126,128,128,127,131,127,124,128,129,129,128,127,129,127,127,131,127,127,127,125,128,130,127,129,124,125,134,128,127,132,124,125,136,127,125,133,125,127,130,128,130,128,124,128,128,130,132,122,127,132,125,130,131,121,130,131,121,131,132,124,128,127,127,130,128,128,126,127,129,128,128,129,124,127,131,128,128,128,123,127,135,128,125,130,127,127,130,128,128,127,126,131,128,127,133,125,124,132,127,129,128,124,129,129,127,131,128,124,129,128,127,130,127,127,128,126,130,133,125,126,128,128,131,128,124,130,129,124,130,131,125,129,127,125,134,129,123,128,129,125,128,132,126,127,129,127,128,132,126,125,129,127,128,130,127,127,128,128,130,129,125,128,130,127,127,128,130,127,125,128,131,129,128,126,126,131,129,126,129,127,124,133,128,127,132,124,124,135,128,125,129,127,127,130,128,127,127,128,128,128,131,128,126,127,127,128,134,127,125,128,128,127,127,129,128,125,128,129,128,132,127,121,132,131,125,129,127,125,130,128,127,131,127,125,127,130,131,126,124,131,128,127,130,127,127,131,126,127,134,127,123,128,128,128,132,128,124,130,128,128,130,128,126,128,127,128,129,127,127,129,124,128,134,125,125,129,127,130,130,126,125,127,131,129,126,128,127,128,129,128,127,126,128,131,127,128,132,126,125,132,127,127,130,128,125,128,130,127,127,127,126,127,131,127,128,128,124,131,128,125,134,124,123,137,125,124,140,123,118,140,127,121,138,126,117,138,131,120,130,127,127,131,125,128,134,125,124,130,128,130,128,123,128,131,128,127,127,127,130,127,127,130,127,127,128,127,128,131,127,127,128,128,128,130,126,127,129,127,130,131,123,127,131,125,130,131,122,127,131,126,127,130,127,127,127,128,131,127,127,130,127,128,130,128,128,123,127,136,123,127,135,122,128,134,123,131,130,120,129,131,126,133,127,120,135,130,123,131,128,126,129,126,131,132,122,127,131,125,132,130,119,129,133,124,129,129,126,128,126,128,133,127,126,127,127,130,130,126,128,127,127,129,127,127,128,126,128,131,129,127,127,127,127,128,128,128,128,128,127,130,127,126,129,127,124,130,134,125,124,130,129,128,128,127,128,130,127,128,132,127,124,127,129,127,128,128,127,127,127,129,128,128,127,127,130,131,126,128,127,127,131,128,126,129,128,126,131,128,127,129,126,127,131,128,127,129,127,125,132,129,126,127,127,128,130,126,129,128,124,129,128,127,132,128,121,131,129,126,130,127,126,131,127,128,131,122,128,132,122,131,134,120,127,132,127,128,127,125,128,130,128,127,127,127,127,130,129,127,127,128,127,129,128,128,128,127,126,128,131,127,128,129,125,128,135,125,126,131,125,128,132,127,128,126,127,133,127,126,129,127,128,131,127,127,130,124,128,132,127,129,127,121,133,130,122,132,128,121,132,129,126,133,126,122,133,129,128,130,124,127,132,128,128,127,126,130,127,128,133,127,126,128,126,129,132,126,126,129,127,127,128,127,127,127,126,131,131,125,125,129,129,127,128,128,126,129,127,127,129,128,127,128,128,128,128,127,127,128,127,131,128,122,129,132,122,131,134,120,128,133,123,131,131,123,130,128,124,136,127,121,131,127,128,134,126,125,130,126,127,133,127,124,128,129,128,129,129,125,127,130,128,128,128,128,126,128,129,129,127,125,128,130,127,129,128,123,127,133,124,127,134,123,124,135,127,127,132,124,124,136,128,125,132,124,126,134,125,128,131,122,130,128,123,136,128,117,134,130,122,136,128,122,137,124,126,138,122,124,136,122,127,139,119,123,136,126,128,133,125,127,128,128,131,129,126,128,127,127,128,129,128,124,125,134,129,124,130,128,124,131,129,128,127,126,129,129,126,130,127,124,133,127,124,133,128,121,130,130,127,131,127,124,131,127,127,130,125,128,129,128,131,127,123,130,127,127,133,128,126,128,127,130,129,126,128,127,127,131,127,127,127,125,130,130,126,129,127,126,131,128,127,128,126,128,130,125,129,131,121,128,132,126,130,127,121,133,130,123,130,128,125,129,128,127,133,126,122,132,129,126,132,127,123,129,128,129,131,122,125,135,126,127,131,117,132,137,114,133,137,114,132,133,117,138,130,112,137,131,117,138,128,117,138,128,119,142,128,116,137,127,123,142,124,119,137,125,127,139,121,124,136,124,128,134,122,127,132,123,130,131,124,129,128,126,133,127,126,129,125,128,133,125,128,130,123,128,133,126,127,128,127,128,128,129,127,127,128,128,131,129,122,128,130,124,132,129,122,130,127,124,135,127,122,133,128,123,136,129,123,130,127,127,130,127,128,128,125,133,129,125,130,126,126,132,128,128,128,123,131,129,125,134,127,120,135,127,125,136,124,123,136,125,127,136,122,126,135,123,128,135,122,125,134,126,128,132,124,127,131,124,127,135,125,123,130,128,131,127,122,128,131,127,128,128,127,127,127,129,130,128,126,127,131,129,126,129,127,124,131,129,125,132,127,122,133,129,127,130,124,128,132,127,129,128,124,131,128,127,133,126,125,130,128,129,130,125,126,130,129,127,127,129,126,128,131,128,128,132,124,125,135,127,126,134,122,124,139,127,123,134,126,124,134,128,127,132,124,126,134,128,128,129,122,131,132,125,130,127,123,135,128,124,135,127,122,132,127,127,132,127,125,129,127,131,129,121,128,133,125,130,130,122,129,130,124,132,130,121,127,132,126,129,129,122,129,134,122,128,136,120,126,134,123,131,131,117,131,133,122,132,129,119,131,130,124,131,128,122,129,131,126,129,129,122,127,132,128,127,127,126,129,128,127,132,126,125,131,126,127,133,125,125,129,128,129,131,125,126,129,128,129,127,127,131,126,127,134,128,125,130,126,127,136,128,122,131,128,125,132,128,124,129,127,128,131,128,128,128,126,129,131,127,127,126,127,134,127,125,128,127,127,131,126,128,131,122,131,131,123,133,127,118,136,132,121,133,128,120,137,127,120,138,128,117
191,127,127,127,127,127,127,127,127,127,127,127,127,127,127,127,127,127,127,127,129,127,127,128,127,128,127,127,139,115,108,184,78,157,157,78,177,138,71,196,140,64,206,115,69,215,85,85,218,55,110,219,29,139,202,20,179,178,17,208,155,25,229,125,38,246,86,60,250,55,88,0,59,79,253,28,110,239,9,148,215,0,188,189,250,220,158,4,246,124,23,9,72,64,233,74,129,165,66,177,152,41,213,87,83,231,60,93,242,28,127,227,3,157,217,249,189,192,248,223,160,253,209,178,247,241,141,5,3,113,24,16,74,50,19,49,73,16,23,103,6,7,125,249,248,149,231,241,172,213,239,197,190,242,216,170,250,237,143,7,248,122,21,0,104,34,8,76,54,9,54,76,8,33,98,2,17,123,244,2,152,222,250,181,197,252,205,166,8,233,128,25,253,91,47,10,53,77,9,24,107,252,253,97,4,6,132,238,242,179,208,238,216,173,244,243,139,5,8,106,27,16,72,54,14,37,93,1,11,132,235,248,172,210,241,208,179,244,237,145,4,3,110,26,15,71,55,16,35,91,6,10,127,241,250,165,214,246,197,180,0,221,146,17,233,119,43,231,95,71,221,81,97,205,73,119,189,72,132,172,77,145,154,83,138,155,89,144,144,96,149,134,101,149,128,110,147,123,117,146,120,123,141,118,128,137,117,131,133,119,133,129,120,134,127,123,133,127,126,133,126,126,131,128,128,128,128,129,127,127,129,127,127,129,127,127,129,126,128,129,127,127,128,128,129,128,128,129,128,127,128,127,128,128,127,127,127,129,128,126,129,128,125,129,128,126,129,127,127,129,127,127,128,128,128,128,127,128,128,126,129,129,126,127,128,127,128,128,127,129,127,127,129,127,127,128,127,128,129,126,127,130,127,128,130,127,128,130,127,127,130,128,127,129,127,127,128,127,128,128,128,127,128,128,126,128,130,126,127,129,128,128,128,127,128,128,127,128,127,128,127,128,127,128,127,127,128,128,127,129,127,127,129,126,128,130,125,128,130,125,128,130,125,127,130,128,127,127,128,129,128,127,129,126,128,131,125,127,131,126,127,130,125,128,130,125,128,129,127,129,127,127,129,127,127,130,128,126,131,127,126,130,127,126,130,127,126,130,127,126,130,127,127,129,128,127,130,127,127,129,128,128,129,127,128,130,126,128,132,125,128,132,125,128,131,125,129,131,123,129,131,123,129,130,124,129,129,125,131,127,125,131,128,126,131,127,127,131,127,127,130,126,128,129,127,128,128,128,129,127,128,128,128,128,128,127,127,128,127,127,128,128,127,127,129,127,125,131,128,124,130,129,126,129,127,126,130,127,127,129,127,127,129,127,128,128,127,127,127,128,128,127,128,128,128,127,129,127,128,129,128,128,128,127,127,127,127,127,127,127,127,128,128,129,127,127,128,128,127,128,128,128,127,127,127,128,128,127,127,128,129,128,127,128,128,127,127,128,128,128,128,127,127,128,128,128,127,128,128,127,128,128,127,128,127,127,129,127,128,128,128,127,127,128,128,127,127,127,127,128,128,128,129,128,128,129,128,127,128,128,128,128,128,127,128,128,128,128,128,127,128,127,127,129,128,127,127,128,128,127,128,129,127,127,129,127,126,130,128,126,128,128,128,128,128,128,129,127,128,128,128,129,128,126,130,128,126,130,128,125,129,128,127,128,128,127,128,129,128,127,127,128,127,128,128,128,129,127,127,129,128,127,128,128,128,127,128,128,127,128,128,128,127,129,127,128,129,127,127,129,126,128,129,125,128,129,126,129,128,125,131,128,124,130,129,126,129,127,126,130,127,126,130,127,127,130,127,128,132,126,128,130,125,129,130,124,129,130,125,128,129,126,129,129,124,128,131,125,128,130,125,129,131,123,128,132,125,127,130,125,128,130,126,128,128,128,129,128,128,130,127,127,131,126,128,131,126,127,130,126,128,129,125,129,129,125,128,129,126,129,128,125,129,129,126,129,127,127,129,127,126,129,128,127,127,129,127,128,129,128,127,129,127,128,128,128,128,128,127,129,128,126,129,127,127,129,128,128,129,127,128,130,128,128,129,128,128,129,127,128,128,127,127,127,127,127,128,129,127,127,128,127,128,129,126,127,129,128,127,127,128,128,127,128,127,127,127,128,128,127,128,128,128,128,129,128,128,127,127,128,127,127,128,128,128,128,127,128,128,127,128,127,127,129,128,127,129,128,128,129,128,127,130,127,127,128,128,127,127,128,127,128,127,128,128,128,127,128,127,127,130,127,125,131,127,125,132,128,125,133,128,125,132,127,127,131,126,127,130,125,128,130,126,128,127,127,130,128,125,128,129,127,128,127,127,129,129,126,128,129,127,128,128,127,128,128,127,128,127,128,129,128,128,129,128,128,129,127,127,130,127,127,128,127,129,127,127,130,127,127,128,128,128,128,127,128,129,127,128,128,127,127,127,127,128,128,127,127,128,127,127,128,128,127,128,128,128,127,128,127,127,129,127,127,130,127,127,129,128,128,130,128,127,130,127,128,131,127,128,130,126,127,130,125,127,130,126,127,129,127,127,127,127,128,127,127,128,128,128,128,127,128,128,129,127,126,128,129,127,127,129,128,128,129,127,127,127,127,128,127,127,128,128,127,128,128,128,129,128,126,128,129,127,127,129,128,127,128,128,128,127,128,128,128,128,128,127,127,128,128,127,127,128,128,128,127,128,128,127,129,128,127,128,128,128,128,126,128,129,127,129,127,125,132,128,124,131,128,125,131,127,126,131,128,127,131,127,128,131,127,128,130,127,128,128,127,130,127,126,130,128,126,129,127,127,130,128,127,130,127,127,129,127,128,129,128,127,130,128,127,128,128,127,128,128,127,128,129,126,128,128,126,129,128,125,129,129,125,129,128,126,129,128,127,128,127,127,127,127,127,127,127,127,128,127,128,128,127,128,127,128,128,127,128,128,129,127,126,129,127,127,130,127,128,132,125,128,133,126,127,131,126,127,130,125,129,129,125,130,128,126,131,128,127,131,126,126,131,127,128,130,125,128,130,125,129,129,125,130,128,125,131,127,125,131,127,125,130,127,127,131,127,127,131,127,128,130,127,127,128,127,129,127,126,130,128,127,130,127,128,130,128,128,129,128,128,128,126,129,129,125,129,130,126,128,128,127,129,128,128,130,127,127,130,128,128,129,127,128,129,126,128,128,127,129,127,127,129,127,128,128,127,127,128,128,127,128,128,129,127,128,128,128,127,128,126,128,129,126,128,128,126,129,128,126,128,128,127,127,128,127,129,128,127,130,128,128,130,127,127,131,125,128,131,127,128,128,126,130,128,125,130,128,127,130,128,126,130,127,127,129,128,128,130,128,127,129,127,128,128,127,127,130,127,128,129,127,127,129,127,128,128,127,129,128,126,128,128,128,128,128,128,129,127,127,129,127,127,130,128,127,130,128,127,130,128,127,130,127,127,129,127,128,129,127,127,132,128,125,131,128,126,129,127,128,129,127,128,129,128,128,128,128,127,128,127,128,127,127,127,127,127,128,128,128,129,127,127,129,128,127,128,127,128,129,127,128,128,128,128,128,127,128,128,128,127,128,127,129,128,128,129,127,128,127,128,128,128,127,127,128,127,128,128,128,128,127,127,128,127,129,127,127,128,128,127,127,129,128,127,129,127,127,130,128,127,130,127,127,129,128,127,131,128,126,130,127,127,130,126,128,132,127,127,130,127,128,130,127,127,130,127,127,130,126,128,130,125,128,131,125,127,130,126,127,129,126,127,130,127,128,129,128,128,128,128,127,129,127,127,130,127,128,130,126,128,130,125,127,130,127,128,128,126,129,128,126,129,127,126,130,127,126,129,128,128,130,127,128,130,128,127,129,127,127,129,127,127,129,127,127,129,127,127,129,126,127,130,127,127,129,127,128,129,127,128,128,127,128,128,128,128,127,127,128,127,127,127,128,128,127,128,128,127,127,127,128,127,127,127,128,128,127,128,128,127,127,128,129,127,126,129,128,128,128,128,128,129,127,127,129,127,128,128,128,127,127,129,128,128,128,127,128,127,127,127,127,128,128,128,127,129,128,128,129,127,128,128,128,127,128,128,128,128,128,127,128,127,127,129,128,128,127,128,129,129,126,127,129,127,128,128,127,129,127,127,129,127,127,129,127,127,128,128,127,130,126,127,130,127,128,128,127,129,127,128,131,125,128,133,124,128,133,124,128,132,123,128,132,124,128,130,125,129,129,124,129,130,126,128,128,127,129,127,127,129,127,127,128,128,128,128,127,128,128,127,128,129,127,127,128,127,127,129,127,127,130,128,128,130,127,128,130,127,127,130,125,128,131,127,128,130,127,128,130,128,128,129,128,128,129,128,128,129,127,128,128,128,127,129,127,128,130,128,128,129,128,127,129,128,128,129,127,128,128,127,128,128,127,127,128,128,127,127,128,129,128,127,130,127,127,129,127,127,130,127,127,128,127,127,128,127,128,128,127,128,128,128,128,127,127,128,128,128,130,128,127,129,128,128,128,127,127,127,127,127,127,128,128,127,128,128,127,128,127,128,128,126,129,127,126,130,127,127,132,125,127,132,126,128,130,125,129,131,122,129,131,124
191,127,127,127,127,127,127,127,127,127,127,127,127,127,127,127,127,127,127,127,128,128,127,130,127,127,128,127,128,139,90,167,144,75,174,106,97,186,84,105,196,58,128,191,41,158,182,29,148,198,21,183,176,17,218,145,21,242,113,39,1,74,61,9,81,52,13,46,81,8,14,119,248,247,156,224,238,200,189,239,191,197,238,225,165,248,250,127,15,15,81,45,20,32,103,235,79,123,146,90,179,103,117,181,60,167,166,33,203,132,41,238,82,66,252,42,102,243,33,106,246,6,151,221,248,208,173,252,240,130,17,9,74,56,14,34,93,4,3,143,229,4,139,233,242,191,195,244,233,146,8,6,92,40,16,44,82,8,8,130,239,244,176,208,242,168,213,243,212,168,0,246,117,26,10,71,59,12,39,92,5,11,129,238,251,174,198,0,217,197,2,216,145,19,245,95,50,4,51,89,250,16,140,223,0,194,178,5,235,124,28,5,68,67,7,60,73,5,18,127,235,249,190,190,249,235,134,17,6,78,55,8,31,114,241,0,172,203,247,177,199,247,223,151,9,253,96,42,8,44,94,250,8,152,219,247,206,172,1,244,116,29,8,109,34,8,55,80,2,16,135,228,252,189,184,1,228,132,24,249,85,63,249,48,109,228,30,149,195,39,146,187,42,173,152,57,188,124,78,191,103,102,182,91,124,168,87,139,150,92,150,134,99,155,133,104,151,124,113,150,116,123,146,112,128,141,113,134,133,116,137,128,121,138,122,126,138,119,127,138,122,127,133,121,131,130,121,133,128,122,133,127,126,131,126,128,129,125,130,128,125,131,128,126,132,127,125,133,127,127,130,127,128,127,126,131,127,127,132,125,128,132,125,127,130,124,130,129,124,131,127,124,131,128,125,132,128,125,132,127,126,129,128,128,127,126,130,128,126,129,127,128,128,127,128,127,128,127,128,129,127,127,128,127,128,129,127,127,129,128,128,127,127,128,128,127,127,129,128,126,129,128,127,128,128,128,127,127,127,128,128,127,128,128,127,128,128,128,128,126,128,129,126,129,128,126,130,127,125,131,129,125,130,127,125,131,128,126,129,128,127,129,126,127,130,127,128,127,126,131,128,125,130,128,125,129,130,127,127,128,128,127,127,127,127,128,129,127,127,129,128,126,128,128,128,127,128,128,129,126,128,129,127,127,128,127,128,127,127,128,128,128,128,127,127,129,128,127,128,127,127,128,128,127,128,128,128,127,128,129,128,127,130,127,126,130,127,127,129,127,126,129,128,127,127,128,127,128,128,128,128,128,127,127,127,127,127,128,127,128,128,128,128,126,129,130,125,128,129,127,131,127,124,134,127,123,133,127,126,133,125,127,134,126,125,133,126,128,130,126,128,129,124,130,129,124,131,128,124,130,128,126,131,128,126,131,128,127,130,128,126,130,127,127,129,128,128,129,127,128,131,127,126,132,127,125,131,128,125,130,129,126,128,127,127,129,127,127,128,128,128,128,128,130,127,127,131,125,127,132,125,127,129,126,129,127,126,130,128,126,130,128,127,128,128,128,128,127,128,128,128,127,127,127,128,127,128,128,127,129,128,127,127,128,127,128,128,128,128,129,127,127,127,129,127,126,128,130,127,127,129,127,128,130,126,127,130,127,127,128,127,130,128,125,130,128,127,129,127,127,130,126,127,128,127,130,128,126,131,128,127,129,127,128,129,125,128,129,127,128,128,128,130,126,127,131,124,128,131,125,128,129,126,129,128,127,129,128,127,131,127,126,129,128,127,130,127,125,131,128,126,128,128,128,131,127,126,131,128,126,130,128,127,130,128,128,129,127,128,129,125,127,131,125,127,130,126,128,128,126,130,128,126,130,127,127,132,126,127,132,126,127,130,124,129,130,124,127,129,126,130,128,125,132,127,125,130,127,127,129,128,127,128,128,128,127,127,129,127,128,128,128,127,128,127,127,127,127,127,128,127,128,128,128,127,128,127,128,127,128,128,127,128,127,127,127,127,128,127,127,128,128,127,129,126,128,130,126,127,130,125,128,131,125,128,131,126,128,129,128,127,127,127,128,128,127,129,128,128,128,127,127,128,128,128,129,128,127,128,128,126,128,129,127,127,127,127,129,127,128,130,128,128,129,127,127,131,127,127,129,128,127,127,127,129,128,128,128,127,128,129,125,128,130,126,128,128,127,130,128,125,131,128,125,129,128,127,128,127,127,128,127,128,128,127,128,128,128,128,127,127,128,128,127,128,128,127,128,127,127,128,128,129,127,127,129,127,128,128,126,130,128,126,129,128,128,131,126,127,132,126,128,131,127,127,131,127,127,130,125,129,130,124,129,129,125,130,128,125,130,127,126,130,128,128,129,127,127,129,128,127,127,127,129,127,127,129,127,127,129,127,128,128,128,128,128,127,130,127,127,129,128,128,129,125,127,131,125,127,129,127,129,128,126,130,127,127,130,127,128,130,126,128,129,125,129,128,126,130,127,127,132,127,125,130,128,127,130,127,128,130,126,127,129,127,127,128,127,128,128,128,128,127,127,127,127,128,127,128,129,127,128,128,126,128,131,125,128,130,127,128,127,127,130,127,126,131,128,126,130,127,128,127,127,129,127,127,129,127,128,129,126,127,131,126,127,131,127,127,130,125,127,131,125,127,130,126,129,129,125,129,129,126,129,127,128,130,126,127,131,124,128,131,123,128,131,125,129,129,124,131,128,125,129,128,126,130,128,126,131,127,127,130,125,128,131,123,129,131,123,129,130,124,131,128,124,134,128,123,132,127,126,132,126,127,131,126,128,129,125,128,129,127,128,128,128,130,128,127,129,127,127,127,128,127,128,127,128,128,128,127,128,128,127,128,129,127,127,128,127,127,127,128,128,128,127,127,129,127,128,127,127,128,127,128,127,128,127,128,127,128,127,127,128,128,128,127,127,129,128,127,129,127,128,127,128,128,128,128,129,127,127,127,128,128,127,127,128,127,127,127,127,128,128,128,127,127,129,128,128,128,127,128,128,128,130,128,127,130,127,128,130,127,127,128,127,129,127,125,130,129,126,127,128,127,128,128,128,129,128,128,128,127,129,127,127,128,127,128,128,126,128,130,125,128,130,128,127,127,128,129,127,128,127,128,129,127,125,130,128,126,129,127,127,129,127,127,127,128,128,128,128,128,128,127,129,128,127,128,127,129,129,126,128,129,126,128,129,127,127,128,127,127,128,127,127,127,128,127,128,131,127,127,130,128,127,127,127,127,128,128,127,127,127,128,128,127,128,127,128,129,125,129,128,126,131,127,124,131,129,125,129,128,128,131,127,127,131,127,127,130,125,128,130,126,127,128,127,128,128,128,127,128,128,127,128,128,128,128,127,127,128,127,128,128,127,128,128,127,128,128,127,128,128,127,128,128,127,127,127,127,128,129,128,128,129,127,128,128,128,128,129,127,127,128,128,128,129,125,127,130,127,127,129,125,128,131,125,128,130,127,128,129,127,128,129,128,128,128,127,127,127,128,127,127,128,128,127,127,129,128,128,129,128,128,127,128,128,128,129,127,127,129,127,128,127,128,128,128,127,127,128,128,129,128,127,129,127,128,129,128,127,128,128,128,128,126,128,130,128,128,127,128,129,127,128,130,128,128,128,127,127,128,128,130,128,127,130,128,127,130,127,126,131,127,125,131,128,126,130,127,126,130,128,126,129,128,127,128,128,127,128,127,127,128,129,127,128,129,127,128,127,127,128,127,128,128,127,128,128,127,127,127,128,128,128,126,130,128,125,130,127,127,132,128,124,133,128,124,130,127,127,131,128,127,129,127,127,128,128,128,127,128,128,128,128,127,129,128,128,128,127,128,128,127,128,129,127,127,128,128,128,127,127,127,128,128,127,128,127,128,127,128,128,128,128,128,127,127,128,128,126,128,130,126,128,130,127,128,130,126,127,131,125,127,131,124,128,132,124,127,131,126,127,129,126,130,128,125,131,128,125,130,128,127,131,127,128,131,127,127,129,127,128,128,127,128,128,128,128,127,128,129,127,127,129,127,127,129,128,128,130,126,128,131,125,127,130,125,129,130,124,129,131,124,128,131,125,128,130,126,129,128,126,130,128,125,129,128,128,128,128,127,128,127,127,128,127,129,127,128,129,127,127,129,126,127,130,126,127,130,127,128,128,128,127,128,128,128,128,127,127,127,128,127,127,129,128,126,128,130,126,128,130,128,128,128,127,128,128,127,128,128,127,127,127,128,128,127,128,128,128,128,127,128,128,127,128,127,127,130,127,126,130,127,127,129,127,128,131,127,127,131,127,128,130,126,127,130,126,127,130,126,127,129,127,127,128,127,128,128,128,128,128,127,128,127,127,127,128,128,127,127,127,127,127,131,126,128,130,127,128,129,125,127,131,126,128,129,128,127,127,127,127,127,128,129,126,127,129,127,127,131,126,127,131,127,126,131,127,126,129,127,127,128,127,128,130,127,128,128,127,127,127,128,127,129,127,126,129,130,126,128,130,127,127,129,127,127,128,128,128,128,126,128,128,127,128,127,128,129,127,127,130,128,127,130,127,128,129,127,128,129,126,129,127,127,130,128,126,131,127,127,129,128,128,128,128,127,128,128,127,128,127,128,127,127,128
191,127,127,127,127,127,127,127,127,127,127,127,127,127,127,127,127,127,127,127,128,128,128,129,128,128,127,129,129,136,92,167,119,88,175,87,112,183,65,129,185,53,128,190,41,158,182,29,187,167,31,214,136,34,239,105,49,248,71,39,252,77,61,7,39,92,0,12,128,241,247,162,218,239,204,185,239,197,192,240,231,156,252,253,122,18,15,76,49,19,36,87,9,34,101,225,70,139,131,96,186,81,139,165,58,192,141,42,226,92,67,242,52,93,245,17,144,246,11,140,226,247,190,193,247,231,145,9,5,92,41,15,44,82,8,8,131,237,243,131,237,243,185,200,243,230,149,6,5,95,39,16,45,81,8,10,128,240,245,176,207,246,169,213,243,213,168,0,246,117,26,11,68,61,13,29,102,0,1,145,229,242,184,201,244,174,209,243,216,165,1,248,114,28,10,67,63,12,30,103,253,6,145,226,250,192,183,250,194,180,2,235,125,26,5,72,63,9,30,108,247,4,156,214,251,208,162,9,246,102,13,250,96,44,9,47,85,2,11,140,228,246,198,184,249,240,130,18,8,75,57,8,71,64,4,25,125,234,252,180,197,248,226,148,10,0,94,43,8,43,95,249,7,153,218,5,158,215,245,209,170,0,246,116,29,9,60,73,4,18,127,235,249,183,196,248,228,143,249,230,139,15,2,86,52,6,38,106,244,9,155,210,1,203,162,12,233,119,39,241,80,47,233,82,84,224,59,121,200,51,152,170,55,174,140,72,183,114,92,185,98,112,171,91,121,165,89,136,154,91,147,138,97,156,126,105,157,118,115,153,112,126,146,108,134,139,108,134,138,110,139,131,114,141,127,118,142,123,122,141,120,126,139,120,128,135,121,130,131,121,132,132,122,130,130,123,129,130,126,127,128,127,128,128,129,129,126,127,129,127,127,129,127,129,127,126,131,127,123,133,128,124,132,127,126,132,126,128,131,124,129,132,122,128,130,127,130,126,124,133,127,126,131,125,127,132,125,128,128,126,132,128,123,131,128,127,129,127,128,130,128,127,127,128,129,127,126,131,129,125,129,128,126,129,128,125,130,129,126,128,127,128,129,125,127,133,127,127,129,126,131,130,121,131,129,124,133,126,124,137,126,124,133,126,128,130,123,132,131,123,131,128,125,133,125,128,133,122,129,133,120,131,131,121,133,127,123,134,125,127,136,125,123,134,127,128,132,122,128,135,125,126,129,127,131,129,123,128,131,127,128,127,127,130,128,126,127,129,128,128,128,126,131,128,124,129,129,127,129,127,127,130,126,128,129,124,131,129,122,129,132,124,129,128,125,132,128,125,131,127,127,130,125,129,130,125,128,128,128,129,127,128,129,127,128,129,126,127,130,127,128,129,127,129,129,125,128,129,127,128,128,128,127,128,129,127,127,128,127,127,130,126,127,132,128,127,129,128,128,128,126,129,128,128,128,126,128,132,123,127,133,123,129,132,121,129,134,122,127,132,125,127,130,127,127,128,127,128,128,127,127,129,127,128,129,128,128,130,123,129,133,122,128,133,121,128,132,123,130,128,124,133,128,124,133,127,125,133,125,125,135,127,125,131,128,127,128,127,128,127,127,128,126,129,129,125,130,129,126,130,127,125,132,127,124,132,128,126,132,127,128,130,125,130,129,123,131,129,124,131,127,126,131,126,127,132,125,128,132,125,128,130,126,129,127,126,131,128,127,129,127,128,129,125,128,128,128,130,126,127,134,125,126,134,124,128,133,123,128,130,124,131,127,123,133,128,126,133,124,127,135,126,126,133,125,127,131,124,130,129,125,129,127,127,130,126,127,130,127,129,127,125,131,129,126,131,126,126,135,125,126,132,124,129,131,120,132,131,119,133,129,122,133,127,125,134,124,126,135,123,127,133,122,131,129,120,136,127,121,136,126,125,138,121,125,138,122,127,134,121,129,133,122,129,132,122,129,130,125,130,128,126,132,127,127,131,125,128,130,125,131,127,124,133,128,124,133,125,126,136,124,127,133,124,130,129,122,133,127,122,135,128,123,133,127,127,131,125,127,131,125,128,129,125,130,128,125,133,128,124,133,127,126,133,125,127,133,124,127,130,125,129,129,123,132,128,124,133,126,126,134,124,127,133,121,130,133,119,131,132,121,133,129,121,132,130,122,132,127,124,133,127,126,133,125,127,132,121,130,132,120,133,130,121,134,127,124,137,126,122,137,125,126,135,121,128,134,121,130,130,121,133,129,123,131,127,127,131,126,128,131,128,127,129,127,127,129,127,128,129,127,128,127,128,128,127,129,128,128,128,127,128,127,127,132,129,123,130,130,124,129,127,126,132,128,125,131,128,128,130,125,128,130,125,129,129,125,128,130,128,128,128,127,128,128,128,130,128,127,130,128,127,128,127,130,128,125,131,127,127,129,126,127,131,127,127,127,128,131,126,127,132,127,127,128,126,131,128,127,132,124,127,133,123,127,131,125,128,130,123,131,130,122,130,130,125,129,127,126,132,128,125,130,128,127,128,127,128,129,127,127,127,129,130,124,127,132,126,127,129,127,129,128,127,128,127,129,127,126,133,128,125,131,127,126,131,128,126,130,127,127,128,128,127,127,127,128,127,128,127,127,128,128,128,128,127,127,128,127,128,127,129,127,126,128,128,128,129,128,126,131,129,124,128,131,126,128,128,128,128,128,125,128,130,127,127,127,127,129,128,128,127,128,129,127,126,131,127,125,134,128,124,132,127,127,132,123,128,134,123,128,131,122,132,129,122,133,128,124,134,127,125,131,127,128,131,128,126,130,127,128,128,128,127,129,126,128,129,128,127,128,127,127,129,127,128,127,127,128,127,128,128,128,128,128,126,129,129,126,128,128,127,130,128,126,130,128,127,128,126,131,130,124,128,130,126,130,129,122,130,131,125,129,127,125,131,128,126,128,127,128,127,127,130,127,125,130,129,124,129,130,123,127,132,127,128,128,128,128,128,127,127,128,127,127,127,127,129,127,127,128,127,128,129,127,126,129,130,127,128,129,128,127,128,127,128,128,127,130,128,125,128,129,127,128,127,128,131,128,126,128,127,128,128,128,131,127,126,132,127,126,133,126,127,134,127,124,134,128,124,133,128,125,133,127,125,132,128,125,130,127,127,128,128,128,129,127,126,127,130,128,127,129,127,128,128,127,127,129,127,127,129,127,128,129,127,128,127,128,128,128,129,127,127,129,127,128,132,127,126,129,127,127,128,128,128,127,129,128,128,129,127,127,130,127,128,128,128,130,128,124,131,128,125,130,127,126,131,127,126,131,127,126,129,127,128,127,128,128,127,128,128,128,128,129,125,129,131,125,127,130,126,128,130,127,127,127,129,128,127,130,128,127,131,127,127,132,124,128,133,121,128,134,123,128,129,125,131,128,125,133,127,126,134,125,125,134,125,126,134,124,128,133,123,129,131,123,131,130,123,131,127,126,133,125,127,134,124,125,133,126,128,133,122,129,134,121,128,132,123,131,129,121,133,128,123,133,127,124,132,128,127,130,127,128,130,126,127,131,128,126,127,128,127,127,127,128,127,129,128,127,129,127,127,130,127,125,129,130,125,128,131,125,128,131,128,128,127,127,129,128,127,128,128,128,127,127,127,127,127,128,129,125,127,131,125,128,129,125,129,129,125,129,129,126,127,128,128,128,128,127,128,128,128,127,130,127,126,130,128,128,130,126,128,131,127,128,129,127,128,129,125,128,131,125,128,130,125,128,130,125,128,131,126,128,130,127,128,131,127,127,130,128,127,128,127,130,127,126,129,128,127,129,127,127,127,129,128,126,128,129,127,129,127,125,130,130,125,127,129,128,127,128,127,127,127,128,127,127,128,128,127,128,128,126,127,130,127,128,130,128,126,129,127,128,128,128,127,130,127,128,130,128,127,128,126,130,129,123,129,131,125,127,129,128,128,128,128,130,128,127,130,128,128,129,127,129,129,126,128,129,127,127,129,127,127,130,127,126,128,128,128,129,128,126,132,128,126,131,126,127,133,126,127,131,126,127,130,127,127,128,128,129,127,127,127,127,127,130,127,125,132,128,124,130,128,125,130,128,126,131,127,128,131,125,127,131,127,128,129,126,129,129,125,129,128,126,131,127,125,131,126,128,132,124,127,131,125,128,129,127,128,128,127,130,126,127,128,126,132,127,123,133,128,124,131,128,127,131,127,127,129,128,127,127,128,127,127,128,128,128,131,127,126,131,128,128,131,125,127,133,127,126,131,127,128,130,127,127,128,128,127,128,128,130,128,127,130,127,127,132,126,128,132,124,129,131,123,129,129,125,129,127,126,132,126,125,134,126,128,131,123,131,131,120,131,132,121,130,128,124,133,128,121,132,129,124,130,127,128,132,124,127,131,125,129,127,127,131,125,128,131,123,129,129,125,130,128,123,132,129,124,130,127,128,133,124,127,134,125,127,131,122,131,131,122,131,129,125,130,128,127,132,125,127,131,127,127,128,127,129,128,127,128,126,131,128,122,131,130,123,130,127,124,133,128,123,135,127,125,134,124,127,133,124,128,128,124,134,128,123,134,128,126,132,124,126,133,126,128,129,126,129,128,126,130,127,127,132,125,127,133,121,127,136,121,127,135
191,127,127,127,127,127,127,127,127,127,127,127,127,127,127,127,127,127,129,128,128,128,127,134,120,128,139,127,94,181,96,106,180,78,130,177,65,128,188,49,162,171,34,195,156,33,220,128,41,242,86,59,0,50,88,251,19,122,241,251,158,219,241,201,186,244,237,148,2,4,162,250,251,125,16,15,78,47,19,41,81,11,10,119,251,246,156,225,237,201,174,2,217,133,85,186,78,136,176,50,194,106,77,224,69,94,230,25,145,211,5,182,191,0,229,138,18,2,89,13,4,90,43,14,44,83,7,8,132,236,243,186,199,243,230,149,6,5,94,39,16,45,81,8,9,130,238,243,185,201,243,227,153,5,2,101,35,15,54,72,12,19,113,249,250,159,219,244,207,174,253,243,124,22,10,75,55,14,35,48,15,43,83,10,13,121,246,248,164,216,243,210,171,0,243,120,25,8,71,61,11,30,104,251,3,153,217,250,204,164,10,240,109,40,4,60,80,1,24,126,233,4,182,187,4,228,130,25,1,77,60,7,32,110,243,2,169,207,247,219,158,246,223,153,7,0,94,43,9,42,94,251,6,152,221,244,206,176,251,244,121,25,6,64,73,1,21,128,232,251,182,196,248,229,143,12,2,93,44,9,39,99,249,5,154,218,246,209,168,2,246,113,31,8,60,73,5,19,130,231,252,183,192,252,184,187,2,226,128,30,247,82,68,244,46,116,222,29,154,187,34,184,149,51,197,120,75,198,97,99,191,82,123,179,78,138,158,84,152,141,90,156,130,107,149,113,128,150,100,134,144,106,140,130,112,148,122,114,150,116,124,147,111,128,144,116,128,134,121,132,128,127,132,125,128,131,127,126,128,129,128,128,129,127,128,132,123,130,133,118,132,134,118,132,131,120,132,130,123,131,128,125,132,128,120,135,129,121,134,125,128,137,116,127,141,117,127,135,118,135,128,118,138,127,124,127,130,134,121,128,130,123,135,128,125,130,124,134,129,120,131,128,129,128,119,136,130,119,136,123,124,146,117,119,146,120,127,137,114,135,136,114,135,130,117,139,128,119,132,130,126,127,128,125,134,128,116,135,132,122,127,128,128,131,126,125,134,126,128,129,125,130,129,125,128,128,130,128,126,129,126,132,131,117,130,135,124,127,128,129,126,126,138,123,125,136,121,128,132,125,129,126,128,133,122,128,128,127,134,120,126,139,122,128,133,121,128,136,123,126,131,127,129,129,123,127,132,127,126,128,129,123,128,135,123,125,132,128,127,130,124,126,136,129,120,130,127,130,131,116,128,141,121,124,133,127,129,121,132,136,116,135,127,118,142,123,122,140,124,124,133,127,128,126,122,140,130,109,136,134,117,141,123,114,145,127,123,128,124,134,129,120,130,132,126,127,128,126,135,128,117,135,134,122,128,128,129,130,120,127,137,123,127,134,118,131,135,118,133,128,118,142,126,116,143,126,121,139,117,127,146,117,123,139,117,138,132,105,148,129,108,148,123,117,150,113,124,145,115,131,133,117,135,130,122,134,122,126,143,117,122,141,120,129,135,113,136,131,122,134,121,130,135,116,130,140,121,122,139,120,128,141,110,132,138,115,137,125,121,144,122,121,140,121,128,137,121,125,132,127,129,127,118,140,127,118,141,116,129,141,110,136,135,110,139,136,112,132,134,121,132,128,122,138,126,120,139,125,125,138,119,126,141,118,128,135,117,135,130,121,132,127,127,131,126,127,133,121,132,136,110,133,143,112,129,134,120,137,125,122,139,124,125,130,128,127,127,128,128,131,128,125,128,128,132,124,125,134,126,127,133,125,127,133,125,130,127,127,134,124,128,129,125,133,125,127,137,119,128,132,123,132,128,125,131,127,128,131,126,124,135,128,124,134,125,127,134,126,125,130,130,126,128,129,126,131,127,124,132,128,126,133,126,123,133,133,122,125,131,129,128,127,122,132,131,123,130,127,125,132,127,126,135,121,127,134,121,133,128,123,138,122,125,135,127,129,124,126,139,124,122,133,127,127,130,128,125,134,129,115,135,136,115,132,130,124,132,126,127,131,121,131,134,116,134,131,116,138,127,119,136,128,127,134,118,131,139,114,130,131,123,139,121,120,142,126,122,133,123,133,130,116,136,129,122,133,126,127,132,125,130,129,120,136,131,117,134,131,122,130,128,126,132,127,126,129,135,123,119,140,130,119,133,127,124,135,128,126,128,127,136,128,120,126,136,132,121,120,137,137,113,129,138,119,134,127,117,143,127,117,139,125,126,135,121,128,136,115,131,142,112,130,134,119,139,124,120,143,120,124,143,117,127,142,115,127,141,120,124,138,118,133,137,110,132,140,119,127,127,128,135,122,125,134,130,120,128,137,122,128,130,128,130,124,128,135,120,131,130,120,139,125,121,137,128,125,128,127,133,126,120,137,127,122,136,124,124,139,123,127,132,124,131,127,127,131,123,128,131,125,127,132,127,128,129,127,126,127,136,127,117,134,134,118,130,135,118,129,132,121,138,124,118,143,125,123,132,121,139,129,109,140,136,114,133,125,127,139,115,129,132,121,139,123,122,139,125,126,133,124,128,134,124,124,132,133,122,125,135,128,127,128,125,133,129,123,128,129,128,132,125,122,132,133,126,122,130,133,123,130,127,121,138,127,118,136,127,128,131,123,131,127,125,134,126,126,127,128,133,122,127,134,125,129,127,123,135,127,120,132,131,125,128,127,127,137,124,121,137,128,127,127,122,134,129,121,136,124,125,138,119,129,134,115,135,135,115,130,133,121,132,128,127,134,122,128,133,125,130,127,124,136,125,126,136,118,130,138,114,132,133,118,137,129,117,134,128,125,135,125,123,134,127,123,134,128,120,131,132,127,128,122,132,136,116,128,133,124,132,127,125,132,127,126,127,131,128,122,129,135,124,124,130,131,127,126,128,131,124,127,135,122,127,129,125,136,124,123,139,123,127,135,118,132,133,117,132,135,119,127,134,125,127,128,128,128,126,128,129,127,127,128,125,128,133,120,132,131,117,136,132,117,133,129,121,136,126,123,136,122,127,138,117,128,136,120,131,128,121,138,128,116,131,133,123,134,119,128,144,114,127,140,118,133,128,117,142,128,114,136,129,124,134,122,127,140,121,121,139,127,120,131,129,128,125,126,136,124,126,134,124,128,133,121,130,132,125,127,128,128,131,129,122,129,130,126,132,124,127,134,121,128,138,121,126,136,123,128,133,122,127,133,122,131,129,123,130,128,128,128,127,127,128,134,126,121,128,136,128,120,127,139,126,120,131,130,130,125,124,135,127,124,134,125,125,137,119,130,136,114,132,135,122,131,125,127,137,126,124,128,133,131,119,127,134,126,128,127,125,137,126,117,141,127,121,138,119,127,139,121,127,132,119,139,130,112,138,128,122,141,121,122,140,123,128,136,118,128,135,121,132,127,123,141,121,120,144,121,124,139,119,132,131,116,140,128,116,135,128,130,132,113,132,141,120,125,130,126,136,127,117,139,128,120,136,126,122,137,127,126,129,125,133,128,123,131,128,125,136,123,122,142,123,123,138,116,132,142,109,128,142,120,128,129,124,137,124,120,141,126,119,135,128,127,130,121,128,134,126,128,125,127,135,127,127,128,127,131,128,123,130,132,123,126,131,133,125,123,131,128,132,130,114,135,136,116,132,128,124,135,125,125,132,124,130,133,118,131,134,118,135,128,117,142,126,117,141,125,125,135,121,131,132,119,134,128,121,134,128,124,132,127,126,128,130,131,123,128,132,128,128,127,131,127,121,136,128,124,136,122,122,142,127,117,130,129,129,130,121,127,134,127,126,128,126,131,132,120,131,132,118,135,137,118,128,128,130,136,114,128,140,120,129,132,115,134,137,120,128,127,125,142,122,116,144,126,119,140,118,127,148,111,122,147,118,128,135,112,140,133,110,142,128,118,140,117,128,145,108,131,139,111,139,130,114,139,132,117,131,130,127,127,127,130,128,127,128,125,130,133,123,123,133,129,125,127,134,128,120,133,129,126,129,125,128,127,127,136,118,125,143,122,125,132,123,136,128,117,135,130,121,137,126,120,136,127,127,134,123,127,133,127,125,127,134,127,122,132,128,128,128,122,138,125,121,139,122,126,138,120,127,133,124,128,130,131,122,124,140,126,118,139,125,117,143,125,115,143,125,124,137,119,128,138,120,128,129,123,137,126,120,136,127,129,130,119,133,129,125,134,122,124,139,127,122,127,134,128,127,128,123,136,127,116,143,123,118,147,120,120,141,120,131,133,114,135,133,120,131,128,128,132,122,128,137,120,127,135,117,139,132,104,146,133,112,137,128,119,144,122,122,137,121,131,132,116,136,132,119,135,121,128,144,110,128,141,116,133,132,119,132,126,132,132,115,134,130,124,135,123,123,138,128,124,128,127,132,128,123,127,132,128,127,126,132,131,121,128,133,128,128,127,127,129,129,126,126,131,128,126,128,130,128,127,127,128,128,131,124,125,134,127,127,127,125,134,128,126,131,122,130,133,125,125,127,135,127,119,132,135,121,128,134,122,133,129,118,137,131,116,135,132,119,135,127,122,139,125,122,133,126,132,127,118,136,134,118,127,131,127,134,123,123,139,123,125,136,120
191,127,127,127,127,127,127,127,127,127,127,127,127,127,127,127,127,127,127,130,128,125,132,128,124,134,128,129,131,98,183,87,135,167,82,157,158,67,185,139,65,207,115,65,223,84,81,231,51,104,231,23,138,214,26,127,226,8,158,211,249,199,182,249,236,143,7,5,106,29,16,67,57,19,29,95,7,1,136,237,240,175,212,235,160,223,235,204,188,240,240,125,24,233,103,102,166,84,166,132,89,188,70,131,192,39,158,184,25,214,141,25,238,106,43,0,49,88,0,21,121,240,250,177,203,243,213,167,0,252,107,32,13,63,64,14,23,108,252,253,148,228,241,199,188,244,230,150,5,1,104,32,15,58,68,14,22,109,0,3,140,233,246,176,202,248,210,157,11,237,111,40,253,66,78,252,29,122,233,9,168,196,7,213,147,21,247,94,48,7,46,89,253,9,147,223,245,202,181,249,243,127,20,7,68,69,3,23,128,233,252,180,196,247,225,150,8,253,100,42,6,45,95,248,9,151,218,249,206,170,2,242,116,31,5,62,77,0,25,127,226,10,177,186,14,201,143,43,221,104,64,216,86,105,197,66,129,180,76,147,142,87,169,127,90,167,121,107,158,110,121,155,107,127,144,114,134,128,116,141,128,121,133,128,128,127,125,131,127,127,129,127,127,131,127,126,129,128,127,128,127,129,127,127,127,124,130,132,123,127,132,128,125,131,129,124,132,128,122,135,129,122,129,127,127,134,128,122,132,128,125,132,125,126,134,128,127,130,122,130,135,118,130,132,119,137,128,115,139,129,119,134,125,128,134,116,128,139,124,125,127,129,133,124,125,130,128,130,130,124,126,133,130,124,128,129,129,127,126,127,128,127,129,128,126,130,127,127,129,127,129,129,124,130,127,125,132,127,125,130,129,127,125,127,132,128,126,126,128,133,128,125,127,127,127,127,130,129,126,128,127,127,128,128,127,127,124,132,133,122,127,130,128,129,126,128,130,127,127,128,127,130,124,129,131,121,129,133,125,127,128,125,133,130,122,126,132,131,126,128,128,128,131,128,127,128,127,127,134,126,122,134,129,126,128,127,131,128,125,131,129,121,133,131,120,129,131,127,127,127,128,132,124,125,136,126,123,136,125,125,134,124,129,132,121,129,132,126,127,128,129,133,121,127,136,124,127,134,123,127,134,122,126,133,128,126,128,128,128,131,128,124,132,127,127,129,123,129,133,122,128,131,125,132,128,120,132,129,126,131,122,130,135,118,132,133,118,132,132,123,129,128,127,132,124,126,133,127,127,133,124,124,135,130,122,127,130,129,127,128,127,128,129,128,130,126,125,134,126,127,131,119,135,131,114,138,131,117,135,126,127,136,119,128,139,120,128,135,116,131,137,120,127,128,127,134,128,119,128,136,127,127,128,126,133,130,123,128,128,129,131,122,128,133,128,127,128,127,129,132,120,128,134,127,129,128,121,129,136,126,122,132,131,122,128,134,124,127,129,128,130,128,127,130,127,129,128,122,135,130,119,131,133,124,127,129,127,129,128,127,129,125,131,130,123,128,130,128,126,123,133,133,122,128,129,127,132,128,118,131,134,124,128,126,127,136,126,124,130,128,129,126,127,129,126,130,127,127,131,124,127,134,124,128,130,126,132,128,119,136,131,121,130,127,129,133,121,127,134,122,129,133,120,129,133,124,130,126,126,138,124,123,134,128,127,130,126,127,133,128,124,127,129,129,127,127,129,128,128,125,126,136,126,125,133,124,131,129,119,137,130,117,137,128,120,138,124,128,136,114,133,140,109,134,136,117,136,125,121,141,126,123,131,124,134,133,116,130,135,122,130,127,125,134,124,125,138,124,124,134,126,128,127,127,132,127,121,130,132,125,130,126,127,135,122,128,133,122,132,131,122,132,125,128,137,120,128,135,122,129,131,122,130,130,126,131,126,127,133,125,127,129,123,132,131,121,128,134,125,125,133,128,124,129,129,128,127,127,127,127,128,129,127,123,131,132,122,130,130,121,131,133,128,127,124,131,132,124,128,130,127,128,127,127,128,135,122,122,137,129,125,127,127,133,127,125,129,128,129,129,122,127,134,125,127,127,127,130,122,129,136,122,127,130,124,133,128,123,130,128,126,131,128,127,128,127,130,130,122,124,138,127,126,133,119,129,138,120,127,132,127,130,127,124,130,129,128,128,126,127,129,127,127,128,128,130,127,125,129,128,126,127,129,131,126,124,130,129,129,127,122,130,131,125,132,128,121,134,127,127,136,119,127,138,121,128,132,118,136,136,111,130,135,124,137,120,120,142,126,124,134,121,127,137,124,127,127,126,134,127,121,132,129,123,136,128,112,136,140,115,128,134,124,131,130,122,127,132,125,127,130,122,131,131,122,129,128,127,129,126,129,131,119,129,139,119,124,137,124,126,137,125,120,135,130,124,130,128,127,132,122,127,137,124,126,134,122,128,136,122,124,132,127,130,128,123,132,130,125,130,128,124,130,129,127,127,127,130,127,124,131,129,125,128,130,127,128,129,127,128,129,129,124,127,133,127,125,127,130,131,126,122,132,132,123,129,131,121,130,131,124,131,128,121,128,133,128,126,124,129,132,126,128,127,127,131,125,127,133,127,125,129,131,127,125,129,129,128,127,128,128,127,128,124,134,131,116,130,138,122,127,129,122,133,131,123,130,127,127,136,123,124,134,125,128,130,124,133,128,119,135,133,122,125,131,131,125,126,129,128,127,127,127,128,128,132,127,125,133,128,125,132,127,127,131,124,130,132,120,129,132,124,128,128,127,129,127,128,129,127,127,127,128,127,128,131,127,127,128,124,130,132,125,128,128,126,137,126,121,134,127,127,134,119,127,138,125,127,130,123,130,133,121,129,130,125,130,128,127,132,126,126,130,128,128,127,126,130,132,124,124,134,127,122,132,127,123,132,127,128,130,125,128,129,127,127,129,130,125,126,131,128,127,128,125,129,130,128,127,125,127,135,124,122,134,128,127,131,126,128,130,127,127,130,128,128,128,128,134,127,123,129,128,130,130,121,127,135,127,128,128,122,128,138,124,125,130,126,133,127,119,138,132,118,127,131,128,128,122,127,138,123,124,134,127,127,130,124,129,128,127,129,127,127,128,128,130,129,127,126,127,131,127,126,128,128,128,129,125,129,132,121,129,133,121,130,132,120,133,131,123,128,128,129,130,122,127,129,129,130,119,128,135,126,127,127,121,135,132,117,130,131,126,129,124,130,135,117,129,137,117,129,133,119,136,128,115,140,129,115,140,127,117,138,127,124,137,122,125,137,125,126,131,126,127,128,127,130,128,127,132,124,126,135,127,125,125,129,133,126,128,128,124,132,130,120,131,132,121,128,130,128,127,120,133,136,120,128,130,127,133,126,124,133,127,128,131,124,129,133,122,128,130,128,128,126,128,129,125,129,130,123,130,129,124,132,128,125,131,126,127,134,126,126,132,125,127,132,124,130,127,123,135,126,124,136,124,125,134,127,127,128,123,136,129,121,133,125,127,136,122,125,132,128,130,124,123,137,129,121,129,129,127,128,124,129,133,124,127,129,127,130,127,126,130,128,128,125,128,130,128,129,127,125,133,129,125,127,127,129,135,123,122,136,131,120,127,133,127,128,127,125,131,128,127,130,123,128,135,120,128,133,126,129,126,125,136,128,120,134,126,127,140,121,119,137,128,128,128,120,134,129,122,131,127,128,128,123,131,132,125,128,126,126,135,128,124,128,124,131,135,120,127,132,126,132,127,123,132,127,125,132,127,126,129,127,127,132,125,125,131,128,127,127,126,129,130,127,126,129,128,127,133,116,125,147,123,120,135,121,130,139,117,126,133,128,132,123,122,139,127,119,132,130,125,130,130,124,127,132,127,127,128,127,132,125,122,138,125,121,140,120,125,142,117,127,138,119,134,128,116,140,130,118,133,128,125,134,125,124,135,127,120,133,133,121,129,132,120,131,136,117,127,135,126,128,126,128,136,126,123,131,128,128,128,123,131,133,121,128,131,124,133,128,118,133,130,126,131,122,124,141,125,119,133,129,126,131,126,126,131,128,129,128,124,129,130,127,127,128,127,130,127,126,132,128,127,128,125,130,132,121,128,132,127,130,127,127,129,124,135,127,121,134,126,127,136,123,127,130,122,136,128,117,137,128,120,140,124,122,137,122,129,135,116,130,135,121,133,127,120,139,125,124,139,121,123,136,128,127,127,122,136,128,121,136,125,123,135,127,128,128,124,132,130,125,127,127,127,132,128,124,128,130,127,125,128,131,126,128,128,127,130,127,124,132,129,128,127,122,132,136,118,127,134,125,131,127,122,135,129,123,129,126,128,135,121,127,135,123,128,132,123,127,132,125,128,130,125,127,127,128,133,123,123,136,127,124,131,126,127,133,122,127,132,126,128,127,127,128,128,128,127,127,131,125,128,129,127,130,129,124,128,132,128,123,127,132,127,126,131,128,123,129,132,126,128,130,124,127,136,128,123,131,127,127,133,124,124,135,127,128,131,119,131,135,118,129,133,122,132,128,121,133,128,127,130,124,129,133,123,128,131,128,127,128,130,128,128,129,127,130,127,124,133,128,125,133,126,125,133,129,128,126,127,133,127,124
191,127,127,127,127,127,127,127,127,127,127,127,127,127,127,127,127,127,127,128,129,122,128,133,123,128,140,112,110,184,72,158,175,76,156,163,63,184,142,63,207,115,65,221,83,82,225,52,108,225,25,141,208,12,183,182,9,212,159,10,240,126,24,7,82,52,12,44,83,7,13,119,248,248,155,224,238,200,189,241,236,150,0,4,113,23,17,71,53,19,26,102,229,55,149,144,69,201,115,79,213,53,130,205,27,150,205,10,205,163,9,227,140,18,9,47,84,7,21,111,250,252,150,227,240,179,207,238,213,177,245,240,141,6,5,109,26,17,68,55,18,37,87,11,14,114,253,250,144,234,241,178,207,238,202,185,245,231,155,0,245,128,16,2,102,35,9,74,55,11,48,82,8,24,112,250,5,144,227,250,180,198,250,209,165,7,236,123,28,0,81,97,0,12,129,237,249,172,207,244,217,168,251,249,123,20,13,74,54,14,36,93,2,7,140,231,244,184,200,241,220,165,249,248,127,14,10,88,43,14,46,82,5,14,128,239,247,169,212,240,207,179,246,241,134,12,8,89,43,14,54,74,8,23,120,241,4,153,216,4,187,178,11,213,142,31,222,116,58,213,70,120,194,62,138,175,68,151,154,76,161,139,87,160,126,103,161,117,110,155,114,123,153,105,123,155,112,125,143,113,134,137,107,140,136,110,139,130,116,137,127,122,136,125,123,137,127,124,133,124,128,136,122,127,133,119,134,134,114,133,132,121,135,124,123,141,122,123,139,121,130,135,117,131,132,121,134,127,123,133,125,127,134,127,126,130,128,127,129,124,127,133,125,127,131,126,129,127,125,132,128,124,134,126,125,135,125,126,133,126,127,133,124,128,132,127,127,127,126,131,130,124,128,128,129,128,126,127,130,128,127,127,127,130,126,127,132,128,128,128,123,131,132,123,128,130,126,129,127,128,131,125,126,133,126,127,133,120,127,138,125,126,131,124,129,133,123,127,129,126,133,129,117,131,135,123,127,127,126,134,128,124,131,126,128,133,120,128,135,121,129,131,121,134,128,120,136,128,122,135,127,126,131,124,130,131,122,130,127,128,129,125,128,132,126,128,129,127,129,127,126,131,128,124,130,130,127,128,127,126,132,128,125,128,127,127,129,126,127,130,127,129,128,126,131,128,126,128,128,128,128,128,128,127,129,131,126,127,129,128,127,128,128,128,128,131,128,126,129,127,128,133,126,127,131,124,130,133,122,128,130,128,129,127,126,130,127,127,129,127,128,131,128,126,129,127,127,131,125,127,129,125,131,131,122,129,132,124,129,128,127,128,123,130,135,120,126,134,128,128,127,123,131,130,125,131,126,125,135,128,122,127,131,131,126,125,128,130,127,127,128,127,127,128,124,129,133,126,126,129,127,131,127,123,132,127,128,130,125,128,130,125,130,127,128,130,126,131,128,121,134,129,122,133,127,124,137,126,124,132,126,130,129,122,129,128,127,131,124,127,132,127,128,127,124,134,130,121,130,129,126,129,127,127,127,125,131,130,125,129,128,125,134,129,123,128,128,128,132,127,124,127,131,129,126,126,129,129,128,127,125,131,130,126,128,126,130,133,123,125,130,128,130,126,125,129,128,131,127,123,127,129,131,131,120,126,137,128,125,129,126,128,133,124,128,130,127,130,127,124,129,131,127,128,128,128,130,127,126,130,129,126,129,128,125,130,129,126,129,127,127,127,125,130,131,124,128,128,127,130,128,127,131,125,127,134,126,126,131,125,129,130,122,131,131,122,129,129,126,130,127,125,128,129,127,128,126,127,131,126,128,129,126,131,129,124,129,127,128,132,125,128,131,127,127,130,125,128,130,128,128,127,125,132,127,122,135,126,125,135,124,126,133,126,127,129,125,131,129,123,127,132,128,127,128,127,133,129,123,128,128,129,129,127,126,128,132,128,124,127,131,129,125,126,132,128,127,129,126,127,129,129,127,126,132,128,124,134,124,128,132,119,131,131,125,132,123,125,139,124,125,132,124,131,130,121,130,133,124,128,130,128,128,128,125,129,130,124,128,128,125,133,128,123,132,128,127,130,125,128,130,127,128,126,127,134,126,125,131,127,127,132,124,129,130,122,130,130,123,134,128,119,130,135,127,125,125,130,137,123,121,136,128,124,137,123,121,138,128,126,131,121,128,135,124,127,128,126,132,128,126,128,128,129,126,127,130,126,128,128,128,129,125,127,132,127,127,127,127,128,128,128,130,126,128,131,128,127,128,130,128,123,129,132,124,130,128,126,132,126,127,131,127,128,127,127,130,127,128,132,126,126,131,128,128,132,125,126,132,127,128,127,125,129,128,127,129,125,128,133,126,128,130,124,129,133,121,129,131,122,131,129,125,131,125,126,136,125,124,132,128,128,131,126,126,129,127,130,127,122,128,134,127,126,127,128,133,129,121,127,131,128,129,121,128,134,125,129,127,125,129,128,128,127,128,128,128,129,128,126,127,129,130,128,126,129,130,126,127,133,128,125,130,127,128,128,123,130,131,123,130,128,124,135,127,124,134,125,127,134,121,127,136,126,127,129,125,130,131,122,129,130,124,131,129,123,131,127,125,132,128,128,128,123,134,130,120,130,129,126,132,126,126,134,124,127,134,126,127,127,126,135,127,123,132,128,127,131,128,128,128,127,128,130,126,127,130,128,128,128,127,127,130,127,126,127,128,128,128,128,127,128,127,131,127,120,130,134,125,128,126,126,135,125,127,131,122,129,133,123,130,127,124,135,126,124,136,125,125,134,123,129,133,121,128,129,128,130,127,125,133,127,125,129,128,127,134,128,122,129,129,129,127,123,130,132,123,127,131,127,128,127,126,130,129,125,130,126,126,138,125,120,135,127,128,131,119,131,133,119,130,127,126,136,123,122,137,127,126,131,120,131,135,116,131,136,118,129,134,122,131,130,121,132,130,122,132,128,123,133,126,128,133,124,127,128,126,133,128,123,133,127,126,129,128,128,130,124,128,130,124,132,127,122,133,128,126,127,126,132,128,124,130,128,128,129,126,129,128,125,128,129,130,126,123,132,131,126,127,127,130,130,125,127,128,128,129,126,127,130,127,127,128,128,128,129,128,126,130,128,127,127,126,128,131,127,128,125,128,136,126,122,132,128,128,128,124,127,134,127,126,128,126,130,133,119,127,138,126,128,128,121,136,132,116,131,130,125,134,118,127,141,121,123,133,124,134,129,115,138,132,118,136,124,123,141,121,126,139,117,130,136,116,133,133,117,135,130,118,137,128,121,137,123,126,138,120,127,134,118,135,134,116,132,130,123,137,124,120,138,127,123,132,126,127,133,123,127,133,126,127,130,125,130,127,125,133,125,127,132,126,128,131,123,127,131,128,129,127,123,133,131,123,128,128,127,130,127,127,128,126,131,131,119,129,134,124,129,128,124,131,128,127,131,125,127,129,128,127,126,127,130,127,129,127,124,133,128,122,136,128,123,134,126,127,133,123,128,131,123,131,130,121,132,131,122,130,127,127,133,124,125,134,128,128,128,123,131,134,124,125,128,130,131,125,125,128,128,130,128,125,129,128,128,127,128,128,128,128,128,127,126,130,129,127,128,127,129,128,126,128,130,127,128,127,128,129,127,128,128,128,128,128,127,127,128,130,127,128,125,131,131,125,128,128,130,130,123,128,131,124,131,127,123,132,127,128,127,122,135,131,117,132,133,122,131,126,124,138,127,122,132,126,127,135,121,125,135,128,127,128,125,131,131,122,128,127,127,135,128,119,131,131,127,129,121,129,135,123,128,131,125,131,127,124,133,126,128,136,121,127,137,120,129,136,118,128,132,123,133,128,121,136,127,124,137,122,123,138,128,124,128,128,129,125,128,132,128,128,126,127,133,128,128,129,122,129,135,124,128,127,125,133,129,123,130,126,127,135,121,127,135,118,129,137,120,129,129,123,135,127,121,136,128,124,132,126,128,130,122,131,131,123,129,131,126,125,127,131,130,124,124,130,131,128,127,126,129,132,126,128,128,127,132,126,124,131,127,128,132,120,128,136,123,128,132,121,129,131,127,128,125,131,131,121,128,131,127,127,127,127,129,128,124,129,130,127,129,127,128,133,125,126,134,126,126,131,127,127,128,125,127,133,126,126,129,128,128,127,127,130,130,127,127,127,129,127,128,128,128,128,127,128,127,127,130,128,128,128,127,130,128,125,128,130,130,127,127,128,129,127,126,128,129,128,127,127,127,128,127,128,129,128,126,127,128,127,129,126,130,128,125,130,129,126,127,127,127,129,127,127,128,128,127,127,129,127,126,128,128,131,127,125,129,128,128,134,126,122,132,131,126,128,127,129,132,125,126,127,129,131,125,125,131,129,126,129,129,120,131,136,119,127,132,125,135,125,120,140,127,121,136,124,125,136,121,127,131,125,133,127,119,134,132,122,129,127,126,132,128,124,128,129,127,131,128,123,133,127,125,133,126,123,136,127,124,134,125,127,134,123,127,133,126,128,128,124,130,130,124,130,128,124,133,127,123,132,128,126,132,126,126,133,125,127,136,123,125,136,124,127,130,120,136,128,119,139,127,122,136,124,127,135,120,128,134,122,129,131,121,128,133,125,128,127,124,133,128
